,Name,Team,Season,GP,Win%,Mins,Points,PPM,FGM,FGA,FG%,3PM,3PA,3P%,FTM,FTA,FT%,OREB,DREB,REB,AST,TOV,AST/TO,STL,BLK,EFG%,TS%,OFFRTG,DEFRTG,NETRTG,PF,Plusminus,PIE
0,Julius Randle,LAL,2015,1,0.0,14.0,2.0,0.14285714285714285,1.0,3.0,33.33333333333333,0.0,0.0,,0.0,2.0,0.0,0.0,0.0,0.0,0.0,1.0,0.0,0.0,0.0,0.3333333333333333,0.2577319587628866,60.0,126.9,-66.9,1.0,-18,-24.2
1,Glen Rice,WAS,2015,5,80.0,8.4,2.2,0.2619047619047619,0.6,3.0,20.0,0.2,1.4,14.285714285714285,0.8,1.2,66.66666666666666,0.4,0.4,0.8,0.4,0.4,1.0,0.0,0.0,0.23333333333333334,0.31179138321995464,86.1,114.98372093023258,-28.883720930232585,2.2,-22,-9.772093023255815
2,Andrei Kirilenko,BKN,2015,7,42.857142857142854,5.285714285714286,0.42857142857142855,0.08108108108108109,0.0,0.7142857142857143,0.0,0.0,0.0,,0.42857142857142855,0.5714285714285714,75.0,0.2857142857142857,0.8571428571428571,1.1428571428571428,0.14285714285714285,0.14285714285714285,1.0,0.14285714285714285,0.0,0.0,0.22189349112426035,90.2945945945946,134.7864864864865,-44.491891891891896,0.14285714285714285,-29,0.31891891891891877
3,Ronny Turiaf,MIN,2015,2,0.0,10.0,0.0,0.0,0.0,0.0,,0.0,0.0,,0.0,0.0,,0.0,0.5,0.5,1.0,0.0,inf,0.0,0.0,,,96.6,110.55,-13.950000000000003,0.0,-8,4.1
4,Kalin Lucas,MEM,2015,1,0.0,6.0,0.0,0.0,0.0,1.0,0.0,0.0,0.0,,0.0,0.0,,0.0,0.0,0.0,0.0,0.0,,1.0,0.0,0.0,0.0,66.7,125.0,-58.3,1.0,-7,-5.0
5,Xavier Henry,LAL,2015,9,11.11111111111111,9.222222222222221,2.2222222222222223,0.24096385542168675,0.3333333333333333,1.4444444444444444,23.076923076923077,0.0,0.0,,1.5555555555555556,2.6666666666666665,58.333333333333336,0.2222222222222222,0.2222222222222222,0.4444444444444444,0.3333333333333333,0.3333333333333333,1.0,0.3333333333333333,0.0,0.23076923076923078,0.4244482173174872,109.27023809523808,99.75476190476189,9.515476190476193,0.6666666666666666,14,-0.3202380952380952
6,Shannon Brown,MIA,2015,5,60.0,17.8,4.0,0.2247191011235955,1.4,3.8,36.84210526315789,0.6,1.4,42.857142857142854,0.6,0.8,75.0,0.0,0.2,0.2,0.6,0.8,0.75,0.8,0.0,0.4473684210526316,0.48169556840077066,103.98988764044944,112.69999999999999,-8.71011235955055,1.6,-16,0.7460674157303369
7,Darius Miller,NOP,2015,5,20.0,8.8,0.4,0.045454545454545456,0.2,1.4,14.285714285714285,0.0,0.2,0.0,0.0,0.0,,0.0,0.2,0.2,0.4,0.2,2.0,0.2,0.0,0.14285714285714285,0.14285714285714285,82.94318181818181,97.73181818181818,-14.788636363636371,1.6,-12,-4.936363636363636
8,Sebastian Telfair,OKC,2015,16,25.0,20.4375,8.375,0.40978593272171254,2.875,7.8125,36.8,1.125,3.75,30.0,1.5,2.125,70.58823529411765,0.125,1.75,1.875,2.8125,1.125,2.5,0.625,0.0,0.44,0.4787082023435267,91.6033639143731,103.19357798165136,-11.590214067278254,1.8125,-64,8.031498470948012
9,Will Cherry,CLE,2015,8,75.0,8.75,1.875,0.21428571428571427,0.625,2.375,26.31578947368421,0.25,1.125,22.22222222222222,0.375,0.75,50.0,0.125,0.5,0.625,1.0,0.5,2.0,0.75,0.125,0.3157894736842105,0.3465804066543438,102.05428571428571,105.90857142857143,-3.854285714285723,1.25,-7,0.06285714285714283
10,Drew Gordon,PHI,2015,9,0.0,8.0,1.8888888888888888,0.2361111111111111,0.8888888888888888,2.111111111111111,42.10526315789473,0.0,0.3333333333333333,0.0,0.1111111111111111,0.2222222222222222,50.0,0.7777777777777778,1.2222222222222223,2.0,0.2222222222222222,0.8888888888888888,0.25,0.1111111111111111,0.0,0.42105263157894735,0.4275653923541248,86.85277777777777,107.90555555555555,-21.052777777777777,0.7777777777777778,-34,5.076388888888889
11,Francisco Garcia,HOU,2015,14,71.42857142857143,14.357142857142858,3.2142857142857144,0.22388059701492538,1.2142857142857142,4.5,26.984126984126984,0.7142857142857143,3.2142857142857144,22.22222222222222,0.07142857142857142,0.2857142857142857,25.0,0.21428571428571427,1.0,1.2142857142857142,1.0714285714285714,0.7142857142857143,1.5,0.6428571428571429,0.35714285714285715,0.3492063492063492,0.3474366893143916,97.27326732673266,97.91287128712872,-0.6396039603960588,1.4285714285714286,-10,1.4876237623762374
12,Josh McRoberts,MIA,2015,17,47.05882352941176,17.470588235294116,4.235294117647059,0.24242424242424243,1.6470588235294117,3.1176470588235294,52.83018867924528,0.47058823529411764,1.1176470588235294,42.10526315789473,0.47058823529411764,0.7647058823529411,61.53846153846154,0.4117647058823529,2.235294117647059,2.6470588235294117,1.9411764705882353,1.2941176470588236,1.5,0.7058823529411765,0.17647058823529413,0.6037735849056604,0.6130790190735695,103.61644295302014,97.66644295302015,5.949999999999989,2.411764705882353,32,6.670805369127518
13,Malcolm Lee,PHI,2015,1,0.0,2.0,0.0,0.0,0.0,1.0,0.0,0.0,0.0,,0.0,0.0,,0.0,0.0,0.0,0.0,0.0,,0.0,0.0,0.0,0.0,140.0,80.0,60.0,0.0,3,-10.0
14,Gal Mekel,NOP,2015,4,50.0,11.0,1.5,0.13636363636363635,0.75,5.0,15.0,0.0,0.75,0.0,0.0,0.0,,0.0,0.25,0.25,3.25,0.5,6.5,0.5,0.0,0.15,0.15,101.16666666666667,98.66888888888889,2.4977777777777845,0.25,2,1.6733333333333338
15,Eric Moreland,SAC,2015,3,0.0,0.6666666666666666,0.6666666666666666,1.0,0.3333333333333333,0.3333333333333333,100.0,0.0,0.0,,0.0,0.0,,0.0,0.3333333333333333,0.3333333333333333,0.0,0.0,,0.0,0.0,1.0,1.0,50.0,133.35,-83.35,0.3333333333333333,1,0.0
16,Jabari Parker,MIL,2015,25,52.0,29.52,12.32,0.4173441734417344,5.16,10.52,49.049429657794676,0.16,0.64,25.0,1.84,2.64,69.6969696969697,2.0,3.52,5.52,1.68,1.88,0.8936170212765957,1.24,0.2,0.49809885931558934,0.5273250239693192,99.66081081081082,106.49027027027029,-6.829459459459471,1.68,-114,10.35472972972973
17,Alec Burks,UTA,2015,27,33.33333333333333,33.25925925925926,13.851851851851851,0.41648106904231624,4.481481481481482,11.11111111111111,40.33333333333333,0.9629629629629629,2.5185185185185186,38.23529411764706,3.925925925925926,4.777777777777778,82.17054263565892,0.7037037037037037,3.5185185185185186,4.222222222222222,3.037037037037037,1.9259259259259258,1.5769230769230769,0.6296296296296297,0.18518518518518517,0.44666666666666666,0.5241619015584706,105.00222469410457,112.47408231368188,-7.471857619577307,2.3703703703703702,-129,8.408787541713014
18,Jannero Pargo,CHA,2015,9,22.22222222222222,8.11111111111111,4.555555555555555,0.5616438356164384,1.6666666666666667,3.888888888888889,42.857142857142854,1.0,2.4444444444444446,40.909090909090914,0.2222222222222222,0.2222222222222222,100.0,0.0,0.3333333333333333,0.3333333333333333,0.8888888888888888,0.3333333333333333,2.6666666666666665,0.0,0.0,0.5571428571428572,0.5713489409141582,96.4783783783784,96.82297297297298,-0.3445945945945823,0.8888888888888888,-2,9.522972972972974
19,Larry Sanders,MIL,2015,27,44.44444444444444,21.703703703703702,7.2592592592592595,0.33447098976109213,3.185185185185185,6.37037037037037,50.0,0.0,0.0,,0.8888888888888888,1.7777777777777777,50.0,2.4814814814814814,3.6666666666666665,6.148148148148148,0.8518518518518519,1.037037037037037,0.8214285714285714,0.9629629629629629,1.4444444444444444,0.5,0.5074565037282519,96.46928327645051,101.67901023890786,-5.209726962457353,3.8518518518518516,-90,8.260921501706484
20,Anderson Varejao,CLE,2015,26,61.53846153846154,24.5,9.807692307692308,0.4003139717425432,4.269230769230769,7.6923076923076925,55.50000000000001,0.0,0.07692307692307693,0.0,1.2692307692307692,1.7307692307692308,73.33333333333333,2.1923076923076925,4.346153846153846,6.538461538461538,1.3461538461538463,1.3461538461538463,1.0,0.7307692307692307,0.6153846153846154,0.555,0.5800727934485896,105.76050156739812,105.74231974921634,0.018181818181787435,2.230769230769231,5,11.424764890282132
21,Samuel Dalembert,NYK,2015,32,15.625,17.0,4.0,0.23529411764705882,1.78125,4.0625,43.84615384615385,0.0,0.0,,0.4375,0.625,70.0,1.65625,3.59375,5.25,0.90625,1.21875,0.7435897435897436,0.4375,1.28125,0.43846153846153846,0.4610951008645533,92.43302752293579,108.22256880733947,-15.789541284403683,2.1875,-175,9.396330275229358
22,Brandon Davies,BKN,2015,27,22.22222222222222,15.703703703703704,5.2592592592592595,0.33490566037735847,2.037037037037037,5.074074074074074,40.14598540145985,0.2962962962962963,1.2592592592592593,23.52941176470588,0.8888888888888888,1.3703703703703705,64.86486486486487,1.4074074074074074,1.6666666666666667,3.074074074074074,1.1111111111111112,1.0740740740740742,1.0344827586206897,0.6666666666666666,0.25925925925925924,0.4306569343065693,0.46320459290187893,94.7011737089202,113.25093896713618,-18.549765258215984,2.185185185185185,-161,3.433568075117371
23,Patrick Christopher,UTA,2015,4,50.0,7.25,1.5,0.20689655172413793,0.75,3.0,25.0,0.0,1.0,0.0,0.0,0.0,,0.5,1.0,1.5,0.0,0.25,0.0,0.25,0.0,0.25,0.25,81.20333333333333,111.98666666666666,-30.78333333333333,1.5,-18,-0.8399999999999999
24,Andre Dawkins,MIA,2015,4,50.0,5.5,0.75,0.13636363636363635,0.25,1.5,16.666666666666664,0.25,1.5,16.666666666666664,0.0,0.0,,0.0,0.5,0.5,0.25,0.25,1.0,0.0,0.0,0.25,0.25,89.75909090909092,100.01818181818183,-10.259090909090915,0.75,-4,-6.75909090909091
25,Toure' Murry,UTA,2015,1,100.0,1.0,0.0,0.0,0.0,1.0,0.0,0.0,0.0,,0.0,0.0,,0.0,0.0,0.0,0.0,0.0,,0.0,0.0,0.0,0.0,0.0,100.0,-100.0,0.0,-2,-50.0
26,Jared Cunningham,LAC,2015,19,63.1578947368421,4.7368421052631575,1.8421052631578947,0.3888888888888889,0.631578947368421,1.736842105263158,36.36363636363637,0.21052631578947367,0.6842105263157895,30.76923076923077,0.3684210526315789,0.6842105263157895,53.84615384615385,0.05263157894736842,0.42105263157894735,0.47368421052631576,0.5263157894736842,0.3684210526315789,1.4285714285714286,0.15789473684210525,0.0,0.42424242424242425,0.4519628099173554,98.38888888888889,96.18555555555554,2.2033333333333474,0.631578947368421,-5,5.427777777777778
27,Alex Kirk,CLE,2015,5,40.0,2.8,0.8,0.2857142857142857,0.2,0.8,25.0,0.0,0.0,,0.4,0.4,100.0,0.2,0.0,0.2,0.2,0.0,inf,0.0,0.0,0.25,0.4098360655737705,78.59285714285714,112.22857142857141,-33.63571428571427,0.2,-14,0.5499999999999998
28,AJ Price,CLE,2015,21,42.857142857142854,13.333333333333334,6.0476190476190474,0.45357142857142857,2.2857142857142856,5.857142857142857,39.02439024390244,0.7142857142857143,2.380952380952381,30.0,0.7619047619047619,1.1428571428571428,66.66666666666666,0.2857142857142857,1.0952380952380953,1.380952380952381,1.9047619047619047,0.6190476190476191,3.076923076923077,0.3333333333333333,0.0,0.45121951219512196,0.4754417490266547,98.00462633451956,104.5523131672598,-6.54768683274024,0.47619047619047616,-41,11.986832740213526
29,Jeff Adrien,MIN,2015,17,5.88235294117647,12.647058823529411,3.5294117647058822,0.27906976744186046,1.1176470588235294,2.588235294117647,43.18181818181818,0.0,0.0,,1.2941176470588236,2.235294117647059,57.89473684210527,1.3529411764705883,3.176470588235294,4.529411764705882,0.8823529411764706,0.5294117647058824,1.6666666666666667,0.23529411764705882,0.5294117647058824,0.4318181818181818,0.4940711462450593,100.20694444444445,101.7662037037037,-1.5592592592592496,1.7647058823529411,-14,10.425462962962962
30,Chris Douglas-Roberts,LAC,2015,12,41.66666666666667,8.583333333333334,1.5833333333333333,0.18446601941747573,0.4166666666666667,1.75,23.809523809523807,0.08333333333333333,0.5833333333333334,14.285714285714285,0.6666666666666666,0.6666666666666666,100.0,0.08333333333333333,0.9166666666666666,1.0,0.3333333333333333,0.0,inf,0.08333333333333333,0.0,0.2619047619047619,0.3874388254486134,102.6252427184466,105.7631067961165,-3.137864077669903,1.1666666666666667,-15,0.10485436893203914
31,Jordan Farmar,LAC,2015,36,63.888888888888886,14.666666666666666,4.638888888888889,0.3162878787878788,1.6944444444444444,4.388888888888889,38.607594936708864,0.9722222222222222,2.6944444444444446,36.08247422680412,0.2777777777777778,0.3055555555555556,90.9090909090909,0.2222222222222222,0.9444444444444444,1.1666666666666667,1.8611111111111112,0.8888888888888888,2.09375,0.5555555555555556,0.1388888888888889,0.49683544303797467,0.5127732743797593,97.1808712121212,101.18655303030303,-4.005681818181827,1.4444444444444444,-44,4.661931818181819
32,Jrue Holiday,NOP,2015,37,48.64864864864865,33.648648648648646,15.18918918918919,0.45140562248995986,6.108108108108108,13.756756756756756,44.4007858546169,1.2702702702702702,3.4594594594594597,36.71875,1.7027027027027026,2.0,85.13513513513513,0.8108108108108109,2.7027027027027026,3.5135135135135136,7.108108108108108,2.4054054054054053,2.955056179775281,1.6216216216216217,0.6216216216216216,0.4901768172888016,0.5188714085235246,109.85809294871795,106.75849358974358,3.0995993589743733,2.7837837837837838,78,10.832211538461541
33,Tony Wroten,PHI,2015,30,13.333333333333334,29.8,16.9,0.5671140939597316,5.833333333333333,14.466666666666667,40.32258064516129,1.2333333333333334,4.733333333333333,26.056338028169012,4.0,6.0,66.66666666666666,0.7333333333333333,2.1333333333333333,2.8666666666666667,5.233333333333333,3.7666666666666666,1.3893805309734513,1.6,0.26666666666666666,0.44585253456221197,0.49395946999220575,95.89955307262571,108.20759776536313,-12.308044692737425,2.4,-234,9.33296089385475
34,Jarnell Stokes,MEM,2015,16,68.75,5.5625,2.0625,0.3707865168539326,0.75,1.5625,48.0,0.0,0.0,,0.5625,1.0625,52.94117647058824,0.6875,0.625,1.3125,0.125,0.1875,0.6666666666666666,0.0625,0.1875,0.48,0.5080049261083743,88.43444444444445,87.82111111111112,0.6133333333333297,1.125,2,-6.940000000000002
35,Austin Daye,SAS,2015,26,57.692307692307686,10.346153846153847,3.9615384615384617,0.3828996282527881,1.5384615384615385,4.423076923076923,34.78260869565217,0.7307692307692307,2.1923076923076925,33.33333333333333,0.15384615384615385,0.15384615384615385,100.0,0.23076923076923078,2.1153846153846154,2.3461538461538463,0.34615384615384615,0.6923076923076923,0.5,0.3076923076923077,0.11538461538461539,0.43043478260869567,0.4410757108598835,96.6921933085502,103.18587360594795,-6.493680297397745,1.1538461538461537,-42,4.147955390334572
36,Kendall Marshall,MIL,2015,28,46.42857142857143,14.857142857142858,4.214285714285714,0.28365384615384615,1.6428571428571428,3.607142857142857,45.54455445544555,0.6428571428571429,1.6428571428571428,39.130434782608695,0.2857142857142857,0.32142857142857145,88.88888888888889,0.07142857142857142,0.9285714285714286,1.0,3.0714285714285716,1.25,2.4571428571428573,0.75,0.0,0.5445544554455446,0.5621189024390244,106.41031175059952,99.8199040767386,6.590407673860923,0.9285714285714286,55,8.698081534772184
37,Kyle Anderson,SAS,2015,27,62.96296296296296,12.444444444444445,2.5925925925925926,0.20833333333333334,1.0740740740740742,3.0,35.80246913580247,0.1111111111111111,0.4074074074074074,27.27272727272727,0.3333333333333333,0.5185185185185185,64.28571428571429,0.18518518518518517,2.3333333333333335,2.5185185185185186,1.037037037037037,0.37037037037037035,2.8,0.48148148148148145,0.25925925925925924,0.3765432098765432,0.40156034878384583,102.24201183431953,105.9165680473373,-3.674556213017766,0.9629629629629629,-22,7.217751479289941
38,Kobe Bryant,LAL,2015,35,28.57142857142857,34.457142857142856,22.34285714285714,0.648424543946932,7.6,20.37142857142857,37.30715287517531,1.542857142857143,5.257142857142857,29.347826086956523,5.6,6.885714285714286,81.32780082987551,0.7428571428571429,4.942857142857143,5.685714285714286,5.628571428571429,3.657142857142857,1.5390625,1.3428571428571427,0.2,0.4109396914446003,0.4773881617503419,102.15716652858326,113.69403479701738,-11.53686826843412,1.8571428571428572,-294,11.760480530240265
39,Mirza Teletovic,BKN,2015,40,40.0,22.35,8.475,0.37919463087248323,3.05,7.975,38.24451410658307,1.55,4.825,32.12435233160622,0.825,1.15,71.73913043478261,0.675,4.175,4.85,1.15,1.325,0.8679245283018868,0.35,0.4,0.47962382445141066,0.4996462681287584,98.97192393736017,99.79619686800898,-0.824272930648803,1.85,-10,8.414653243847875
40,Kemba Walker,CHA,2015,42,38.095238095238095,35.595238095238095,18.785714285714285,0.5277591973244147,6.619047619047619,16.571428571428573,39.94252873563218,1.5714285714285714,4.904761904761905,32.038834951456316,3.9761904761904763,4.833333333333333,82.26600985221675,0.6904761904761905,3.0714285714285716,3.761904761904762,5.238095238095238,1.6666666666666667,3.142857142857143,1.380952380952381,0.5714285714285714,0.4468390804597701,0.5023429939387766,101.00427521710085,104.46746826987307,-3.463193052772212,1.619047619047619,-87,12.678891115564463
41,Dwight Howard,HOU,2015,32,68.75,32.1875,16.3125,0.5067961165048543,6.3125,10.96875,57.54985754985755,0.03125,0.0625,50.0,3.65625,6.9375,52.702702702702695,2.8125,8.15625,10.96875,1.40625,3.0625,0.45918367346938777,0.65625,1.375,0.5769230769230769,0.5817063385932068,106.56114341085271,98.24089147286821,8.320251937984494,3.5,164,12.969186046511627
42,Malcolm Thomas,PHI,2015,17,11.76470588235294,11.411764705882353,2.6470588235294117,0.23195876288659795,1.0588235294117647,2.3529411764705883,45.0,0.0,0.4117647058823529,0.0,0.5294117647058824,0.7647058823529411,69.23076923076923,0.9411764705882353,2.3529411764705883,3.2941176470588234,0.4117647058823529,0.7647058823529411,0.5384615384615384,0.17647058823529413,0.058823529411764705,0.45,0.4921259842519685,85.27589743589743,110.55076923076922,-25.274871794871785,1.0,-109,5.564102564102564
43,Brandon Jennings,DET,2015,41,41.46341463414634,28.585365853658537,15.414634146341463,0.5392491467576792,5.317073170731708,13.24390243902439,40.147329650092075,1.853658536585366,5.146341463414634,36.018957345971565,2.926829268292683,3.4878048780487805,83.91608391608392,0.5121951219512195,2.024390243902439,2.5365853658536586,6.634146341463414,2.1951219512195124,3.022222222222222,1.0731707317073171,0.0975609756097561,0.4714548802946593,0.5215209928703459,104.81899488926747,104.31609880749573,0.5028960817717376,1.5609756097560976,33,12.519080068143099
44,Robbie Hummel,MIN,2015,36,13.88888888888889,15.0,4.194444444444445,0.2796296296296296,1.6666666666666667,3.4166666666666665,48.78048780487805,0.3333333333333333,1.0277777777777777,32.432432432432435,0.5277777777777778,0.6666666666666666,79.16666666666666,0.7777777777777778,1.9722222222222223,2.75,0.6111111111111112,0.4166666666666667,1.4666666666666666,0.4166666666666667,0.2222222222222222,0.5365853658536586,0.5652890086852351,102.56346863468633,109.51125461254614,-6.947785977859809,1.6388888888888888,-83,6.711070110701108
45,Devyn Marble,ORL,2015,16,18.75,13.0625,2.3125,0.17703349282296652,0.875,2.75,31.818181818181817,0.25,1.375,18.181818181818183,0.3125,1.0,31.25,0.3125,1.625,1.9375,1.0625,0.5625,1.8888888888888888,0.5625,0.125,0.36363636363636365,0.36246081504702193,100.47571428571429,101.10904761904763,-0.63333333333334,0.875,-16,5.386190476190477
46,Miroslav Raduljica,MIN,2015,5,0.0,4.8,1.6,0.3333333333333333,0.6,1.6,37.5,0.0,0.0,,0.4,0.4,100.0,0.4,0.6,1.0,0.0,0.4,0.0,0.2,0.0,0.375,0.4504504504504504,103.64583333333333,106.90833333333333,-3.262500000000003,1.6,-3,-8.2375
47,Tyrus Thomas,MEM,2015,2,100.0,3.0,2.0,0.6666666666666666,0.5,0.5,100.0,0.0,0.0,,1.0,1.0,100.0,0.0,0.0,0.0,0.5,0.0,inf,0.0,0.0,1.0,1.0638297872340425,106.91666666666666,115.16666666666666,-8.25,0.0,1,14.583333333333334
48,Thabo Sefolosha,ATL,2015,45,84.44444444444444,18.955555555555556,5.088888888888889,0.268464243845252,1.9111111111111112,4.511111111111111,42.364532019704434,0.4222222222222222,1.4444444444444444,29.230769230769234,0.8444444444444444,1.1333333333333333,74.50980392156863,1.0222222222222221,3.2888888888888888,4.311111111111111,1.4666666666666666,0.7111111111111111,2.0625,1.0444444444444445,0.4666666666666667,0.47044334975369456,0.5078956706884316,107.40549065420561,95.54556074766354,11.859929906542064,1.3111111111111111,154,10.388785046728971
49,Ognjen Kuzmic,GSW,2015,16,81.25,4.4375,1.25,0.28169014084507044,0.5,0.75,66.66666666666666,0.0,0.0,,0.25,0.25,100.0,0.4375,0.625,1.0625,0.375,0.3125,1.2,0.125,0.0625,0.6666666666666666,0.7267441860465116,80.81917808219175,106.90958904109588,-26.09041095890413,0.8125,-39,4.587671232876712
50,Kenyon Martin,MIL,2015,11,63.63636363636363,9.636363636363637,1.8181818181818181,0.18867924528301888,0.8181818181818182,2.0,40.909090909090914,0.0,0.0,,0.18181818181818182,0.18181818181818182,100.0,0.5454545454545454,1.1818181818181819,1.7272727272727273,0.45454545454545453,0.2727272727272727,1.6666666666666667,0.45454545454545453,0.5454545454545454,0.4090909090909091,0.4370629370629371,95.45283018867926,101.5801886792453,-6.1273584905660385,1.1818181818181819,-9,4.670754716981132
51,John Salmons,NOP,2015,21,42.857142857142854,12.857142857142858,2.0,0.15555555555555556,0.7619047619047619,2.2857142857142856,33.33333333333333,0.38095238095238093,1.2380952380952381,30.76923076923077,0.09523809523809523,0.19047619047619047,50.0,0.19047619047619047,0.8095238095238095,1.0,0.6190476190476191,0.23809523809523808,2.6,0.42857142857142855,0.19047619047619047,0.4166666666666667,0.4220257234726688,96.0220588235294,107.41323529411767,-11.391176470588263,1.1904761904761905,-63,1.6838235294117647
52,Nate Wolters,NOP,2015,21,66.66666666666666,11.761904761904763,2.0,0.1700404858299595,0.9523809523809523,2.7142857142857144,35.08771929824561,0.0,0.3333333333333333,0.0,0.09523809523809523,0.2857142857142857,33.33333333333333,0.38095238095238093,1.2380952380952381,1.619047619047619,1.0,0.6190476190476191,1.6153846153846154,0.38095238095238093,0.09523809523809523,0.3508771929824561,0.352112676056338,96.90485829959515,97.21093117408908,-0.3060728744939354,0.8571428571428571,-12,4.579352226720648
53,Larry Drew II,PHI,2015,12,33.33333333333333,18.333333333333332,3.8333333333333335,0.20909090909090908,1.6666666666666667,4.833333333333333,34.48275862068966,0.3333333333333333,2.1666666666666665,15.384615384615385,0.16666666666666666,0.25,66.66666666666666,0.08333333333333333,1.1666666666666667,1.25,3.75,2.0833333333333335,1.8,0.5,0.0,0.3793103448275862,0.3877275792312879,87.24886877828052,104.29773755656107,-17.04886877828055,1.0833333333333333,-73,4.298190045248869
54,Bruno Caboclo,TOR,2015,4,75.0,4.0,2.0,0.5,0.75,2.25,33.33333333333333,0.5,0.75,66.66666666666666,0.0,0.0,,0.25,0.25,0.5,0.0,0.25,0.0,0.0,0.25,0.4444444444444444,0.4444444444444444,87.75,112.1625,-24.412499999999994,0.25,-5,-1.0500000000000007
55,Darren Collison,SAC,2015,45,35.55555555555556,34.71111111111111,16.11111111111111,0.4641485275288092,5.777777777777778,12.222222222222221,47.27272727272727,1.3333333333333333,3.577777777777778,37.267080745341616,3.2222222222222223,4.088888888888889,78.80434782608695,0.4222222222222222,2.7555555555555555,3.1777777777777776,5.6,2.488888888888889,2.25,1.488888888888889,0.3111111111111111,0.5272727272727272,0.5745213642703182,106.60095785440612,105.692656449553,0.9083014048531197,2.111111111111111,35,12.361174968071518
56,James Michael McAdoo,GSW,2015,4,50.0,5.0,3.5,0.7,1.25,1.75,71.42857142857143,0.0,0.0,,1.0,1.75,57.14285714285714,0.5,0.75,1.25,0.0,0.0,,0.25,0.25,0.7142857142857143,0.6944444444444444,121.095,102.22999999999999,18.86500000000001,0.75,4,13.305
57,Blake Griffin,LAC,2015,51,64.70588235294117,35.27450980392157,22.529411764705884,0.6386881600889383,8.784313725490197,17.529411764705884,50.11185682326622,0.1568627450980392,0.4117647058823529,38.095238095238095,4.803921568627451,6.686274509803922,71.8475073313783,1.9607843137254901,5.588235294117647,7.549019607843137,5.137254901960785,2.215686274509804,2.3185840707964602,0.9215686274509803,0.4117647058823529,0.5055928411633109,0.5502662733228613,115.72082176568571,105.99433647973348,9.726485285952236,2.9607843137254903,349,14.483509161576904
58,Quincy Miller,SAC,2015,6,0.0,10.333333333333334,2.8333333333333335,0.27419354838709675,0.6666666666666666,3.0,22.22222222222222,0.16666666666666666,1.1666666666666667,14.285714285714285,1.3333333333333333,1.8333333333333333,72.72727272727273,0.3333333333333333,1.6666666666666667,2.0,0.5,0.5,1.0,1.0,0.5,0.25,0.37215411558669004,96.56774193548385,90.46129032258065,6.1064516129032,0.6666666666666666,8,6.409677419354837
59,Carmelo Anthony,NYK,2015,40,25.0,35.75,24.15,0.6755244755244755,8.95,20.15,44.41687344913151,1.525,4.475,34.07821229050279,4.725,5.925,79.74683544303798,1.8,4.8,6.6,3.05,2.225,1.3707865168539326,1.0,0.425,0.4820099255583127,0.5306059673946478,106.54159106769016,111.097976273552,-4.556385205861844,2.175,-108,14.233077459874393
60,Ricky Ledo,DAL,2015,5,40.0,2.2,0.2,0.09090909090909091,0.0,1.2,0.0,0.0,0.6,0.0,0.2,0.4,50.0,0.2,0.2,0.4,0.2,0.4,0.5,0.0,0.0,0.0,0.07267441860465117,57.281818181818174,84.4,-27.11818181818183,0.2,-3,-34.85454545454546
61,PJ Hairston,CHA,2015,35,45.714285714285715,15.085714285714285,5.571428571428571,0.3693181818181818,1.9428571428571428,6.057142857142857,32.075471698113205,1.2,3.8285714285714287,31.343283582089555,0.4857142857142857,0.5714285714285714,85.0,0.42857142857142855,1.6,2.0285714285714285,0.45714285714285713,0.4857142857142857,0.9411764705882353,0.45714285714285713,0.37142857142857144,0.419811320754717,0.44157608695652173,97.1446124763705,102.89262759924387,-5.748015122873369,1.4285714285714286,-50,5.0555765595463145
62,Jorge Gutierrez,MIL,2015,17,47.05882352941176,8.117647058823529,2.411764705882353,0.2971014492753623,1.0,1.9411764705882353,51.515151515151516,0.0,0.17647058823529413,0.0,0.4117647058823529,0.5294117647058824,77.77777777777779,0.23529411764705882,1.0588235294117647,1.2941176470588236,1.0588235294117647,0.5294117647058824,2.0,0.29411764705882354,0.0,0.5151515151515151,0.5546536796536796,97.0644927536232,95.23623188405797,1.8282608695652272,1.1764705882352942,0,13.98913043478261
63,Jared Sullinger,BOS,2015,51,39.21568627450981,28.725490196078432,14.411764705882353,0.5017064846416383,5.8431372549019605,13.058823529411764,44.74474474474475,0.9803921568627451,3.392156862745098,28.901734104046245,1.7450980392156863,2.3333333333333335,74.78991596638656,2.6862745098039214,5.450980392156863,8.137254901960784,2.411764705882353,1.3725490196078431,1.7571428571428571,0.7450980392156863,0.6862745098039216,0.484984984984985,0.5115819366334429,101.50927694406549,103.500136425648,-1.990859481582504,2.6666666666666665,-34,12.181514324693039
64,Nick Johnson,HOU,2015,18,72.22222222222221,10.166666666666666,3.0555555555555554,0.3005464480874317,1.0,2.888888888888889,34.61538461538461,0.2777777777777778,0.8888888888888888,31.25,0.7777777777777778,1.0,77.77777777777779,0.3888888888888889,0.9444444444444444,1.3333333333333333,0.3333333333333333,0.6666666666666666,0.5,0.3333333333333333,0.1111111111111111,0.3942307692307692,0.4589452603471295,95.00913978494624,100.57365591397848,-5.564516129032242,1.3333333333333333,-29,3.3575268817204296
65,Toney Douglas,NOP,2015,3,0.0,22.0,9.0,0.4090909090909091,3.0,7.333333333333333,40.909090909090914,1.0,2.3333333333333335,42.857142857142854,2.0,3.3333333333333335,60.0,0.3333333333333333,2.0,2.3333333333333335,4.0,1.6666666666666667,2.4,1.3333333333333333,0.6666666666666666,0.4772727272727273,0.5113636363636364,108.97575757575758,104.3939393939394,4.5818181818181785,1.6666666666666667,6,10.451515151515153
66,Danny Granger,MIA,2015,30,36.666666666666664,20.333333333333332,6.266666666666667,0.3081967213114754,2.1666666666666665,5.4,40.123456790123456,1.0,2.8,35.714285714285715,0.9333333333333333,1.2333333333333334,75.67567567567568,0.6666666666666666,2.0,2.6666666666666665,0.5666666666666667,0.8,0.7083333333333334,0.43333333333333335,0.2,0.49382716049382713,0.527260489118241,98.88527004909984,107.7834697217676,-8.898199672667758,2.2333333333333334,-106,4.691980360065466
67,Victor Claver,POR,2015,10,60.0,7.5,2.4,0.32,0.9,2.0,45.0,0.6,1.1,54.54545454545454,0.0,0.0,,0.3,1.7,2.0,0.1,0.4,0.25,0.1,0.1,0.6,0.6,100.42179487179487,86.63846153846153,13.783333333333346,1.2,21,9.475641025641025
68,Chris Bosh,MIA,2015,44,43.18181818181818,35.38636363636363,21.09090909090909,0.5960179833012202,7.795454545454546,16.931818181818183,46.04026845637584,1.4318181818181819,3.8181818181818183,37.5,4.068181818181818,5.2727272727272725,77.15517241379311,1.0454545454545454,6.0,7.045454545454546,2.159090909090909,2.159090909090909,1.0,0.9318181818181818,0.5681818181818182,0.5026845637583892,0.5477640836756859,101.79737010904424,105.8694676074407,-4.0720974983964595,1.5681818181818181,-99,14.088325849903782
69,Clint Capela,HOU,2015,6,66.66666666666666,3.1666666666666665,0.0,0.0,0.0,1.6666666666666667,0.0,0.0,0.0,,0.0,1.3333333333333333,0.0,0.5,0.8333333333333334,1.3333333333333333,0.16666666666666666,0.5,0.3333333333333333,0.16666666666666666,0.16666666666666666,0.0,0.0,44.21052631578947,96.84210526315789,-52.63157894736842,0.5,-23,-32.96842105263158
70,Russ Smith,MEM,2015,7,57.14285714285714,4.714285714285714,1.4285714285714286,0.30303030303030304,0.42857142857142855,1.7142857142857142,25.0,0.14285714285714285,0.8571428571428571,16.666666666666664,0.42857142857142855,0.5714285714285714,75.0,0.0,0.42857142857142855,0.42857142857142855,0.42857142857142855,1.0,0.42857142857142855,0.14285714285714285,0.0,0.2916666666666667,0.3633720930232558,77.61212121212121,84.17575757575759,-6.563636363636377,0.8571428571428571,-5,11.460606060606061
71,Shawn Marion,CLE,2015,50,64.0,19.96,4.9,0.24549098196392785,2.08,4.68,44.44444444444444,0.24,0.86,27.906976744186046,0.5,0.66,75.75757575757575,1.06,2.46,3.52,0.92,0.56,1.6428571428571428,0.5,0.52,0.4700854700854701,0.4929180750040238,107.7066733067729,103.39203187250999,4.31464143426291,1.12,64,7.4138446215139435
72,Kevin Durant,OKC,2015,27,66.66666666666666,33.81481481481482,25.40740740740741,0.7513691128148959,8.814814814814815,17.296296296296298,50.96359743040685,2.3703703703703702,5.888888888888889,40.25157232704403,5.407407407407407,6.333333333333333,85.38011695906432,0.5925925925925926,6.0,6.592592592592593,4.074074074074074,2.740740740740741,1.4864864864864864,0.8888888888888888,0.9259259259259259,0.5781584582441114,0.6325612275007376,109.27989071038252,100.91442622950821,8.365464480874309,1.4814814814814814,168,19.17027322404372
73,Ian Clark,UTA,2015,22,31.818181818181817,6.681818181818182,1.8636363636363635,0.2789115646258503,0.6363636363636364,1.8181818181818181,35.0,0.36363636363636365,1.0,36.36363636363637,0.22727272727272727,0.22727272727272727,100.0,0.18181818181818182,0.4090909090909091,0.5909090909090909,0.4090909090909091,0.3181818181818182,1.2857142857142858,0.22727272727272727,0.09090909090909091,0.45,0.485781990521327,96.42348993288593,108.54765100671142,-12.12416107382549,0.5454545454545454,-44,5.2429530201342285
74,Anthony Bennett,MIN,2015,53,22.641509433962266,15.867924528301886,5.169811320754717,0.3258026159334126,2.169811320754717,5.188679245283019,41.81818181818181,0.09433962264150944,0.32075471698113206,29.411764705882355,0.7358490566037735,1.169811320754717,62.903225806451616,0.8867924528301887,2.9245283018867925,3.811320754716981,0.8113207547169812,0.5849056603773585,1.3870967741935485,0.4339622641509434,0.3018867924528302,0.42727272727272725,0.45322217811300786,96.33562130177513,113.4410650887574,-17.105443786982264,1.5471698113207548,-285,7.9210650887573975
75,Shabazz Muhammad,MIN,2015,38,15.789473684210526,22.81578947368421,13.473684210526315,0.5905420991926182,5.105263157894737,10.447368421052632,48.86649874055416,0.5263157894736842,1.3421052631578947,39.21568627450981,2.736842105263158,3.8157894736842106,71.72413793103448,1.6578947368421053,2.3947368421052633,4.052631578947368,1.1578947368421053,0.9210526315789473,1.2571428571428571,0.47368421052631576,0.18421052631578946,0.5138539042821159,0.5555555555555556,102.2479815455594,111.23713956170701,-8.989158016147613,1.2894736842105263,-160,11.887773933102656
76,Ryan Anderson,NOP,2015,52,51.92307692307693,28.634615384615383,14.634615384615385,0.5110812625923439,5.115384615384615,12.51923076923077,40.86021505376344,2.1346153846153846,6.230769230769231,34.25925925925926,2.269230769230769,2.6538461538461537,85.5072463768116,1.9038461538461537,3.173076923076923,5.076923076923077,0.9615384615384616,1.0769230769230769,0.8928571428571429,0.6153846153846154,0.3076923076923077,0.49385560675883255,0.534620356319901,107.56713615023475,108.97773306505697,-1.4105969148222215,1.9807692307692308,-21,9.177330650570086
77,Lucas Nogueira,TOR,2015,6,50.0,4.0,1.0,0.25,0.3333333333333333,1.3333333333333333,25.0,0.0,0.0,,0.3333333333333333,0.6666666666666666,50.0,0.3333333333333333,1.5,1.8333333333333333,0.16666666666666666,0.3333333333333333,0.5,0.3333333333333333,0.0,0.25,0.3073770491803279,86.44166666666666,114.86250000000001,-28.42083333333335,1.0,-11,1.783333333333333
78,David Stockton,SAC,2015,1,0.0,7.0,1.0,0.14285714285714285,0.0,2.0,0.0,0.0,1.0,0.0,1.0,1.0,100.0,0.0,2.0,2.0,1.0,2.0,0.5,0.0,0.0,0.0,0.20491803278688525,106.3,64.7,41.599999999999994,0.0,6,0.0
79,Kostas Papanikolaou,HOU,2015,41,68.29268292682927,18.975609756097562,4.439024390243903,0.23393316195372751,1.6829268292682926,4.7560975609756095,35.38461538461539,0.7560975609756098,2.5365853658536586,29.807692307692307,0.3170731707317073,0.43902439024390244,72.22222222222221,0.926829268292683,1.8780487804878048,2.8048780487804876,2.048780487804878,1.2682926829268293,1.6153846153846154,0.7073170731707317,0.3170731707317073,0.43333333333333335,0.4484525921545437,99.86393861892581,102.2621483375959,-2.3982097186700884,1.6829268292682926,-33,6.595140664961637
80,Nick Young,LAL,2015,42,28.57142857142857,23.738095238095237,13.404761904761905,0.5646940822467402,4.142857142857143,11.333333333333334,36.554621848739494,1.9761904761904763,5.357142857142857,36.888888888888886,3.142857142857143,3.5238095238095237,89.1891891891892,0.40476190476190477,1.880952380952381,2.2857142857142856,0.9761904761904762,1.0476190476190477,0.9318181818181818,0.5476190476190477,0.2619047619047619,0.4527310924369748,0.5202173270254288,102.50368893320037,105.87517447657032,-3.371485543369957,1.9761904761904763,-67,8.317248255234297
81,Steve Novak,OKC,2015,23,26.08695652173913,5.173913043478261,2.0869565217391304,0.40336134453781514,0.6956521739130435,1.608695652173913,43.24324324324324,0.6956521739130435,1.5217391304347827,45.714285714285715,0.0,0.08695652173913043,0.0,0.043478260869565216,0.6521739130434783,0.6956521739130435,0.30434782608695654,0.17391304347826086,1.75,0.0,0.043478260869565216,0.6486486486486487,0.6335797254487856,93.87478991596639,108.20168067226889,-14.326890756302504,0.5652173913043478,-33,5.462184873949579
82,Ronnie Price,LAL,2015,43,30.23255813953488,22.86046511627907,5.1395348837209305,0.22482197355035605,1.7906976744186047,5.186046511627907,34.52914798206278,0.7209302325581395,2.5348837209302326,28.440366972477065,0.8372093023255814,1.0465116279069768,80.0,0.4418604651162791,1.1627906976744187,1.6046511627906976,3.8372093023255816,1.2093023255813953,3.173076923076923,1.558139534883721,0.09302325581395349,0.4147982062780269,0.45510708401976935,103.24182741116749,106.60355329949242,-3.3617258883249264,2.744186046511628,-74,4.410761421319797
83,Derrick Rose,CHI,2015,46,63.04347826086957,31.108695652173914,18.391304347826086,0.5911949685534591,6.869565217391305,16.869565217391305,40.72164948453608,1.565217391304348,5.456521739130435,28.68525896414343,3.0869565217391304,3.782608695652174,81.60919540229885,0.7391304347826086,2.391304347826087,3.130434782608696,5.021739130434782,3.217391304347826,1.5608108108108107,0.6739130434782609,0.34782608695652173,0.4536082474226804,0.4961527634418692,106.48150732728541,102.74535938590368,3.7361479413817307,1.326086956521739,107,9.984996510816469
84,Tim Frazier,PHI,2015,6,16.666666666666664,28.833333333333332,5.666666666666667,0.19653179190751446,2.1666666666666665,7.166666666666667,30.23255813953488,0.5,1.8333333333333333,27.27272727272727,0.8333333333333334,2.5,33.33333333333333,0.6666666666666666,2.5,3.1666666666666665,7.166666666666667,3.0,2.388888888888889,1.0,0.0,0.3372093023255814,0.34274193548387094,99.7421965317919,97.59364161849712,2.148554913294788,2.6666666666666665,6,4.178034682080925
85,Jeff Withey,NOP,2015,30,50.0,6.333333333333333,2.533333333333333,0.4,0.8333333333333334,1.7666666666666666,47.16981132075472,0.0,0.0,,0.8666666666666667,1.2666666666666666,68.42105263157895,0.5333333333333333,0.9666666666666667,1.5,0.16666666666666666,0.23333333333333334,0.7142857142857143,0.06666666666666667,0.43333333333333335,0.4716981132075472,0.5450372920252439,103.77835051546393,107.71288659793808,-3.9345360824741533,0.7,-21,9.34896907216495
86,Cameron Bairstow,CHI,2015,14,57.14285714285714,4.214285714285714,0.7142857142857143,0.1694915254237288,0.21428571428571427,1.0,21.428571428571427,0.0,0.0,,0.2857142857142857,0.35714285714285715,80.0,0.42857142857142855,0.14285714285714285,0.5714285714285714,0.07142857142857142,0.21428571428571427,0.3333333333333333,0.14285714285714285,0.07142857142857142,0.21428571428571427,0.308641975308642,111.39999999999999,120.45423728813559,-9.054237288135596,0.5714285714285714,-12,-1.6762711864406783
87,Evan Fournier,ORL,2015,56,32.142857142857146,28.785714285714285,11.946428571428571,0.4150124069478908,4.357142857142857,9.964285714285714,43.727598566308245,1.4285714285714286,3.8214285714285716,37.38317757009346,1.8035714285714286,2.517857142857143,71.63120567375887,0.4642857142857143,2.125,2.5892857142857144,2.107142857142857,1.3928571428571428,1.5128205128205128,0.7142857142857143,0.03571428571428571,0.5089605734767025,0.5394813237855622,102.15762081784386,106.12701363073108,-3.9693928128872216,2.0357142857142856,-150,7.571809169764561
88,Jusuf Nurkic,DEN,2015,45,33.33333333333333,18.155555555555555,7.155555555555556,0.39412484700122397,2.888888888888889,6.555555555555555,44.06779661016949,0.0,0.022222222222222223,0.0,1.3777777777777778,2.066666666666667,66.66666666666666,2.111111111111111,4.555555555555555,6.666666666666667,0.9111111111111111,1.288888888888889,0.7068965517241379,0.8888888888888888,1.288888888888889,0.4406779661016949,0.47928078113836625,102.07037943696453,100.5033047735618,1.5670746634027353,3.2666666666666666,20,10.289963280293758
89,Jose Calderon,NYK,2015,42,16.666666666666664,30.214285714285715,9.095238095238095,0.30102442868400314,3.5,8.428571428571429,41.52542372881356,1.4047619047619047,3.380952380952381,41.54929577464789,0.6904761904761905,0.7619047619047619,90.625,0.4523809523809524,2.5,2.9523809523809526,4.714285714285714,1.7857142857142858,2.64,0.7380952380952381,0.0,0.4985875706214689,0.5189089328406868,98.4056603773585,111.7693396226415,-13.363679245282995,1.8095238095238095,-340,8.156761006289308
90,Kris Humphries,WAS,2015,56,57.14285714285714,21.267857142857142,8.107142857142858,0.3811922753988245,3.357142857142857,7.089285714285714,47.3551637279597,0.0,0.07142857142857142,0.0,1.3928571428571428,1.8214285714285714,76.47058823529412,1.9285714285714286,4.767857142857143,6.696428571428571,0.8571428571428571,0.75,1.1428571428571428,0.5357142857142857,0.39285714285714285,0.473551637279597,0.5137141305331764,100.68683989941321,102.62422464375523,-1.9373847443420118,1.9821428571428572,-64,11.64040234702431
91,Allen Crabbe,POR,2015,38,78.94736842105263,12.526315789473685,2.8947368421052633,0.23109243697478993,1.0526315789473684,2.473684210526316,42.5531914893617,0.5789473684210527,1.5,38.59649122807017,0.21052631578947367,0.23684210526315788,88.88888888888889,0.13157894736842105,0.9736842105263158,1.105263157894737,0.7631578947368421,0.2631578947368421,2.9,0.34210526315789475,0.3684210526315789,0.5425531914893617,0.5614536545528788,100.21111111111111,98.85849056603774,1.3526205450733642,1.368421052631579,9,5.425786163522013
92,Brendan Haywood,CLE,2015,21,61.904761904761905,5.0,1.4285714285714286,0.2857142857142857,0.5714285714285714,1.2857142857142858,44.44444444444444,0.0,0.0,,0.2857142857142857,0.47619047619047616,60.0,0.2857142857142857,1.0476190476190477,1.3333333333333333,0.09523809523809523,0.47619047619047616,0.2,0.09523809523809523,0.38095238095238093,0.4444444444444444,0.47770700636942676,82.4877358490566,107.76792452830186,-25.280188679245256,0.7619047619047619,-48,0.48113207547169773
93,Taj Gibson,CHI,2015,49,59.183673469387756,28.102040816326532,10.591836734693878,0.3769063180827887,4.204081632653061,8.571428571428571,49.047619047619044,0.0,0.0,,2.183673469387755,3.1020408163265305,70.39473684210526,2.816326530612245,3.795918367346939,6.612244897959184,1.2653061224489797,1.2448979591836735,1.0163934426229508,0.5510204081632653,1.2448979591836735,0.49047619047619045,0.5329855405849491,105.44358230601884,103.65170413343002,1.7918781725888238,2.7142857142857144,27,9.810442349528644
94,Greg Stiemsma,TOR,2015,14,78.57142857142857,4.142857142857143,1.0,0.2413793103448276,0.42857142857142855,0.5,85.71428571428571,0.0,0.0,,0.14285714285714285,0.14285714285714285,100.0,0.6428571428571429,0.2857142857142857,0.9285714285714286,0.21428571428571427,0.42857142857142855,0.5,0.14285714285714285,0.0,0.8571428571428571,0.8883248730964467,108.4593220338983,115.78474576271188,-7.3254237288135755,1.0,-9,3.128813559322034
95,Reggie Williams,SAS,2015,6,50.0,5.666666666666667,1.8333333333333333,0.3235294117647059,0.6666666666666666,2.5,26.666666666666668,0.16666666666666666,1.5,11.11111111111111,0.3333333333333333,0.3333333333333333,100.0,0.0,0.8333333333333334,0.8333333333333334,0.6666666666666666,0.16666666666666666,4.0,0.0,0.0,0.3,0.3463476070528967,98.88235294117648,107.7264705882353,-8.844117647058823,0.5,-5,3.064705882352942
96,Landry Fields,TOR,2015,20,60.0,10.25,2.3,0.22439024390243903,1.0,1.95,51.28205128205128,0.05,0.1,50.0,0.25,0.3,83.33333333333334,0.5,0.6,1.1,0.7,0.4,1.75,0.55,0.0,0.5256410256410257,0.5523535062439962,94.24341463414633,111.61219512195122,-17.368780487804884,0.45,-66,7.560487804878049
97,Grant Jerrett,UTA,2015,6,83.33333333333334,4.666666666666667,1.1666666666666667,0.25,0.5,2.8333333333333335,17.647058823529413,0.16666666666666666,2.1666666666666665,7.6923076923076925,0.0,0.0,,0.16666666666666666,0.5,0.6666666666666666,0.16666666666666666,0.3333333333333333,0.5,0.0,0.3333333333333333,0.20588235294117646,0.20588235294117646,83.06071428571428,114.95714285714287,-31.896428571428586,1.1666666666666667,-21,-11.053571428571429
98,Glenn Robinson III,MIN,2015,25,4.0,4.4,1.16,0.2636363636363636,0.32,0.96,33.33333333333333,0.04,0.24,16.666666666666664,0.48,0.64,75.0,0.16,0.4,0.56,0.12,0.12,1.0,0.12,0.0,0.3541666666666667,0.46713917525773196,108.47027027027025,97.60180180180183,10.868468468468421,0.2,18,1.616216216216216
99,Jack Cooley,UTA,2015,1,100.0,2.0,4.0,2.0,2.0,2.0,100.0,0.0,0.0,,0.0,0.0,,0.0,0.0,0.0,0.0,0.0,,0.0,0.0,1.0,1.0,80.0,100.0,-20.0,1.0,-1,35.3
100,Bryce Cotton,UTA,2015,1,100.0,7.0,3.0,0.42857142857142855,1.0,3.0,33.33333333333333,1.0,1.0,100.0,0.0,0.0,,0.0,2.0,2.0,1.0,1.0,1.0,1.0,0.0,0.5,0.5,107.1,142.9,-35.80000000000001,1.0,-5,9.5
101,Johnny O'Bryant III,MIL,2015,27,55.55555555555556,11.296296296296296,3.185185185185185,0.2819672131147541,1.4074074074074074,3.814814814814815,36.89320388349515,0.0,0.0,,0.37037037037037035,0.8148148148148148,45.45454545454545,0.7777777777777778,1.1111111111111112,1.8888888888888888,0.5185185185185185,0.7407407407407407,0.7,0.18518518518518517,0.14814814814814814,0.36893203883495146,0.38161164359247424,91.85941558441557,101.82045454545452,-9.961038961038952,1.4074074074074074,-65,-1.4938311688311694
102,O.J. Mayo,MIL,2015,57,54.385964912280706,24.859649122807017,11.789473684210526,0.47424135497529996,4.315789473684211,10.31578947368421,41.83673469387755,1.4210526315789473,4.0,35.526315789473685,1.736842105263158,2.0701754385964914,83.89830508474576,0.45614035087719296,2.2280701754385963,2.6842105263157894,2.824561403508772,1.8245614035087718,1.5480769230769231,0.7543859649122807,0.2807017543859649,0.4872448979591837,0.5250656332041506,100.58929577464791,101.02816901408454,-0.4388732394366315,2.4035087719298245,-33,9.74901408450704
103,Jimmy Butler,CHI,2015,55,60.0,38.945454545454545,20.181818181818183,0.5182072829131653,6.5636363636363635,14.218181818181819,46.16368286445013,1.0727272727272728,3.0545454545454547,35.11904761904761,5.9818181818181815,7.109090909090909,84.14322250639387,1.7818181818181817,4.1454545454545455,5.927272727272728,3.2545454545454544,1.490909090909091,2.182926829268293,1.7272727272727273,0.5818181818181818,0.4993606138107417,0.5817366148169888,106.75139925373138,103.50195895522386,3.2494402985075226,1.6545454545454545,141,14.058582089552239
104,Luke Ridnour,ORL,2015,36,33.33333333333333,13.722222222222221,3.6944444444444446,0.2692307692307692,1.5,3.4444444444444446,43.54838709677419,0.3333333333333333,1.0833333333333333,30.76923076923077,0.3611111111111111,0.4166666666666667,86.66666666666667,0.16666666666666666,1.3888888888888888,1.5555555555555556,2.0277777777777777,0.75,2.7037037037037037,0.3611111111111111,0.027777777777777776,0.4838709677419355,0.5091883614088821,95.23542510121456,102.36720647773276,-7.131781376518205,1.3611111111111112,-72,7.468218623481779
105,JaVale McGee,PHI,2015,23,34.78260869565217,11.130434782608695,4.608695652173913,0.4140625,1.826086956521739,3.4347826086956523,53.16455696202531,0.0,0.0,,0.9565217391304348,1.434782608695652,66.66666666666666,0.782608695652174,1.8695652173913044,2.652173913043478,0.13043478260869565,0.782608695652174,0.16666666666666666,0.08695652173913043,0.8695652173913043,0.5316455696202531,0.5667236954662105,97.86171875000001,109.26015625000001,-11.3984375,1.3043478260869565,-70,8.783593749999998
106,Jeremy Lamb,OKC,2015,39,56.41025641025641,14.846153846153847,6.948717948717949,0.4680483592400691,2.41025641025641,5.743589743589744,41.964285714285715,0.9487179487179487,2.5641025641025643,37.0,1.1794871794871795,1.3076923076923077,90.19607843137256,0.1794871794871795,2.282051282051282,2.4615384615384617,1.0769230769230769,0.6666666666666666,1.6153846153846154,0.5384615384615384,0.15384615384615385,0.5022321428571429,0.5498295731212466,97.80413793103448,103.52862068965518,-5.724482758620709,1.2820512820512822,-55,13.145172413793102
107,Jamal Crawford,LAC,2015,60,66.66666666666666,26.916666666666668,16.366666666666667,0.6080495356037152,5.366666666666666,13.383333333333333,40.099626400996264,1.9166666666666667,5.75,33.33333333333333,3.716666666666667,4.116666666666666,90.2834008097166,0.2833333333333333,1.7166666666666666,2.0,2.5,1.4666666666666666,1.7045454545454546,0.9166666666666666,0.21666666666666667,0.4726027397260274,0.5385661635661635,108.43481756338896,106.2899814471243,2.1448361162646563,1.6666666666666667,92,10.846815089672234
108,Zoran Dragic,MIA,2015,8,50.0,2.375,0.75,0.3157894736842105,0.25,1.0,25.0,0.0,0.625,0.0,0.25,0.375,66.66666666666666,0.25,0.125,0.375,0.125,0.0,inf,0.0,0.0,0.25,0.3218884120171674,74.49000000000001,107.50999999999999,-33.01999999999998,0.375,-13,-2.33
109,Shavlik Randolph,BOS,2015,19,52.63157894736842,6.473684210526316,1.2105263157894737,0.18699186991869918,0.47368421052631576,1.7894736842105263,26.47058823529412,0.0,0.2631578947368421,0.0,0.2631578947368421,0.5263157894736842,50.0,0.8421052631578947,0.9473684210526315,1.7894736842105263,0.21052631578947367,0.15789473684210525,1.3333333333333333,0.2631578947368421,0.15789473684210525,0.2647058823529412,0.2994791666666667,91.76693548387097,100.70403225806452,-8.937096774193549,0.8421052631578947,-25,0.2153225806451615
110,Miles Plumlee,MIL,2015,59,49.152542372881356,17.915254237288135,4.203389830508475,0.2346263008514664,1.9322033898305084,3.610169491525424,53.52112676056338,0.0,0.0,,0.3389830508474576,0.6779661016949152,50.0,1.7118644067796611,3.1186440677966103,4.830508474576271,0.5254237288135594,0.7966101694915254,0.6595744680851063,0.6271186440677966,1.0338983050847457,0.5352112676056338,0.5377276669557676,107.4114150943396,104.72424528301886,2.687169811320743,1.7457627118644068,43,8.943396226415093
111,Jordan Adams,MEM,2015,18,50.0,7.222222222222222,2.5555555555555554,0.35384615384615387,1.0,2.111111111111111,47.368421052631575,0.2777777777777778,0.6111111111111112,45.45454545454545,0.2777777777777778,0.5555555555555556,50.0,0.1111111111111111,0.5555555555555556,0.6666666666666666,0.3888888888888889,0.4444444444444444,0.875,0.4444444444444444,0.2777777777777778,0.5394736842105263,0.5424528301886793,99.69307692307692,100.68769230769232,-0.9946153846154004,0.7777777777777778,-5,6.366153846153847
112,Avery Bradley,BOS,2015,58,41.37931034482759,31.24137931034483,13.879310344827585,0.4442604856512141,5.603448275862069,13.03448275862069,42.98941798941799,1.5689655172413792,4.327586206896552,36.254980079681275,1.103448275862069,1.396551724137931,79.01234567901234,0.603448275862069,2.293103448275862,2.896551724137931,1.6379310344827587,1.3275862068965518,1.2337662337662338,1.0172413793103448,0.1896551724137931,0.49007936507936506,0.508438178970239,101.7984573002755,102.85421487603308,-1.055757575757582,2.310344827586207,-60,6.999669421487601
113,Ryan Hollins,SAC,2015,38,26.31578947368421,9.078947368421053,2.5789473684210527,0.28405797101449276,0.9473684210526315,1.5263157894736843,62.06896551724138,0.0,0.0,,0.6842105263157895,1.0789473684210527,63.41463414634146,0.7368421052631579,1.4210526315789473,2.1578947368421053,0.34210526315789475,0.6052631578947368,0.5652173913043478,0.13157894736842105,0.39473684210526316,0.6206896551724138,0.6443976854287218,95.43037249283668,103.64584527220632,-8.215472779369634,1.2894736842105263,-68,7.797134670487107
114,Jimmer Fredette,NOP,2015,44,54.54545454545454,10.25,3.6818181818181817,0.35920177383592017,1.3181818181818181,3.4318181818181817,38.41059602649007,0.18181818181818182,1.0227272727272727,17.77777777777778,0.8636363636363636,0.9090909090909091,95.0,0.1590909090909091,0.5909090909090909,0.75,1.1363636363636365,0.5681818181818182,2.0,0.2727272727272727,0.045454545454545456,0.4105960264900662,0.4804270462633452,107.31681415929202,101.54845132743361,5.768362831858411,0.8181818181818182,51,7.3210176991150435
115,Donald Sloan,IND,2015,43,34.883720930232556,23.627906976744185,8.767441860465116,0.37106299212598426,3.2325581395348837,7.883720930232558,41.00294985250738,0.9302325581395349,2.9069767441860463,32.0,1.372093023255814,1.744186046511628,78.66666666666666,0.27906976744186046,2.9069767441860463,3.186046511627907,4.069767441860465,1.372093023255814,2.9661016949152543,0.4883720930232558,0.0,0.4690265486725664,0.5067204301075269,97.44990157480314,100.84655511811023,-3.396653543307096,1.0232558139534884,-62,12.388385826771652
116,Jon Leuer,MEM,2015,55,74.54545454545455,14.018181818181818,4.927272727272728,0.35149156939040205,2.0727272727272728,4.672727272727273,44.3579766536965,0.12727272727272726,0.4909090909090909,25.925925925925924,0.6545454545454545,1.0363636363636364,63.1578947368421,0.8363636363636363,2.727272727272727,3.5636363636363635,0.8,0.5636363636363636,1.4193548387096775,0.3090909090909091,0.16363636363636364,0.4571984435797665,0.48036018150879184,95.64553686934023,98.27761966364812,-2.632082794307891,1.4545454545454546,-40,9.632212160413975
117,Chris Copeland,IND,2015,45,35.55555555555556,18.044444444444444,6.8,0.3768472906403941,2.466666666666667,6.8,36.27450980392157,1.1333333333333333,3.6222222222222222,31.28834355828221,0.7333333333333333,1.0,73.33333333333333,0.5111111111111111,1.9111111111111112,2.422222222222222,1.0666666666666667,1.3111111111111111,0.8135593220338984,0.24444444444444444,0.24444444444444444,0.44607843137254904,0.46961325966850825,100.82886977886974,102.73796068796067,-1.9090909090909207,1.6888888888888889,-24,6.189066339066338
118,Shayne Whittington,IND,2015,19,42.10526315789473,5.368421052631579,2.789473684210526,0.5196078431372549,0.8947368421052632,2.0,44.73684210526316,0.05263157894736842,0.3157894736842105,16.666666666666664,0.9473684210526315,1.2105263157894737,78.26086956521739,0.5263157894736842,0.8947368421052632,1.4210526315789473,0.3157894736842105,0.2631578947368421,1.2,0.2631578947368421,0.10526315789473684,0.4605263157894737,0.5507065669160432,110.70582524271845,104.97961165048542,5.726213592233023,0.8947368421052632,13,11.642718446601942
119,Willie Green,ORL,2015,41,31.70731707317073,18.0,5.7317073170731705,0.31842818428184283,2.2439024390243905,5.7560975609756095,38.983050847457626,0.6829268292682927,2.073170731707317,32.94117647058823,0.5609756097560976,0.7073170731707317,79.3103448275862,0.3170731707317073,1.2682926829268293,1.5853658536585367,1.3902439024390243,0.9024390243902439,1.5405405405405406,0.43902439024390244,0.0975609756097561,0.4491525423728814,0.4723428203891301,95.09769959404603,98.42584573748312,-3.328146143437081,1.6341463414634145,-43,4.346008119079839
120,Jerome Jordan,BKN,2015,38,39.473684210526315,9.289473684210526,3.3684210526315788,0.3626062322946176,1.263157894736842,2.3157894736842106,54.54545454545454,0.0,0.0,,0.8421052631578947,1.0,84.21052631578947,1.3157894736842106,1.263157894736842,2.5789473684210527,0.34210526315789475,0.5526315789473685,0.6190476190476191,0.21052631578947367,0.39473684210526316,0.5454545454545454,0.6111535523300229,94.62832861189801,105.8943342776204,-11.266005665722389,1.4736842105263157,-81,12.677620396600565
121,Joel Anthony,DET,2015,32,50.0,5.875,1.15625,0.19680851063829788,0.46875,0.84375,55.55555555555556,0.0,0.0,,0.21875,0.34375,63.63636363636363,0.4375,1.03125,1.46875,0.0625,0.1875,0.3333333333333333,0.15625,0.59375,0.5555555555555556,0.5810301507537688,97.68677248677248,95.21640211640212,2.470370370370361,0.9375,14,7.194708994708995
122,Darius Morris,BKN,2015,29,37.93103448275862,8.793103448275861,2.7241379310344827,0.30980392156862746,1.1724137931034482,3.1724137931034484,36.95652173913043,0.2413793103448276,1.0344827586206897,23.333333333333332,0.13793103448275862,0.3103448275862069,44.44444444444444,0.20689655172413793,0.5517241379310345,0.7586206896551724,1.3103448275862069,0.5517241379310345,2.375,0.20689655172413793,0.0,0.4076086956521739,0.41162984576907047,90.24341085271317,104.88759689922483,-14.644186046511663,0.6206896551724138,-69,6.394186046511629
123,Henry Sims,PHI,2015,60,21.666666666666668,19.75,8.516666666666667,0.4312236286919831,3.466666666666667,7.133333333333334,48.598130841121495,0.06666666666666667,0.3,22.22222222222222,1.5166666666666666,1.9333333333333333,78.44827586206897,1.6166666666666667,3.5,5.116666666666666,1.1,1.4166666666666667,0.7764705882352941,0.5333333333333333,0.3333333333333333,0.49065420560747663,0.5333583834335337,90.06722830665544,103.51078348778434,-13.4435551811289,1.7166666666666666,-308,11.53007582139848
124,Lavoy Allen,IND,2015,46,41.30434782608695,19.847826086956523,6.173913043478261,0.31106243154435925,2.760869565217391,5.586956521739131,49.416342412451364,0.0,0.0,,0.6521739130434783,0.9347826086956522,69.76744186046511,2.3260869565217392,3.760869565217391,6.086956521739131,1.326086956521739,0.6521739130434783,2.033333333333333,0.2826086956521739,0.8043478260869565,0.49416342412451364,0.5146419251957088,103.55866957470012,98.38582333696839,5.172846237731733,1.826086956521739,94,12.09422028353326
125,Nikola Vucevic,ORL,2015,56,30.357142857142854,34.44642857142857,19.732142857142858,0.5728356661482633,8.607142857142858,16.142857142857142,53.31858407079646,0.03571428571428571,0.05357142857142857,66.66666666666666,2.482142857142857,3.232142857142857,76.79558011049724,3.1964285714285716,8.035714285714286,11.232142857142858,1.8214285714285714,2.0535714285714284,0.8869565217391304,0.6964285714285714,0.75,0.5342920353982301,0.5616892358993127,101.14267977237456,106.86037247801349,-5.717692705638925,3.0357142857142856,-223,15.261562338334196
126,Sergey Karasev,BKN,2015,32,37.5,17.1875,4.78125,0.2781818181818182,1.6875,4.15625,40.6015037593985,0.5,1.6875,29.629629629629626,0.90625,1.1875,76.31578947368422,0.65625,1.34375,2.0,1.40625,0.71875,1.9565217391304348,0.71875,0.03125,0.46616541353383456,0.5109537803900615,103.10923913043477,101.22554347826086,1.8836956521739125,1.40625,22,6.0306159420289855
127,Devin Harris,DAL,2015,61,62.295081967213115,22.78688524590164,8.885245901639344,0.3899280575539568,2.918032786885246,7.19672131147541,40.546697038724375,1.3114754098360655,3.8360655737704916,34.18803418803419,1.7377049180327868,2.1147540983606556,82.17054263565892,0.16393442622950818,1.7704918032786885,1.9344262295081966,3.2950819672131146,1.0655737704918034,3.0923076923076924,1.0655737704918034,0.21311475409836064,0.49658314350797267,0.5466354687752139,107.17782546494993,102.25414878397712,4.923676680972818,1.9180327868852458,109,9.61030042918455
128,Perry Jones III,OKC,2015,35,54.285714285714285,16.114285714285714,4.742857142857143,0.29432624113475175,1.8571428571428572,4.514285714285714,41.139240506329116,0.37142857142857144,1.5142857142857142,24.528301886792452,0.6571428571428571,0.9714285714285714,67.64705882352942,0.14285714285714285,1.8571428571428572,2.0,0.4,0.6285714285714286,0.6363636363636364,0.37142857142857144,0.17142857142857143,0.4525316455696203,0.4798797409805735,97.35992907801419,106.5072695035461,-9.147340425531908,1.2857142857142858,-109,5.13014184397163
129,Meyers Leonard,POR,2015,38,65.78947368421053,14.552631578947368,5.578947368421052,0.3833634719710669,2.0789473684210527,3.973684210526316,52.317880794701985,0.868421052631579,1.9210526315789473,45.20547945205479,0.5526315789473685,0.6052631578947368,91.30434782608695,0.7894736842105263,3.1842105263157894,3.973684210526316,0.4473684210526316,0.5789473684210527,0.7727272727272727,0.18421052631578946,0.23684210526315788,0.6324503311258278,0.6578947368421052,97.78878842676312,99.91808318264015,-2.1292947558770265,2.1052631578947367,-12,9.512658227848103
130,Joel Freeland,POR,2015,33,81.81818181818183,12.878787878787879,3.272727272727273,0.2541176470588235,1.393939393939394,2.9696969696969697,46.93877551020408,0.0,0.0,,0.48484848484848486,0.5757575757575758,84.21052631578947,1.5454545454545454,2.787878787878788,4.333333333333333,0.3939393939393939,0.6363636363636364,0.6190476190476191,0.15151515151515152,0.48484848484848486,0.46938775510204084,0.5077096652877021,103.43075117370891,93.95704225352112,9.47370892018779,2.0,63,5.384272300469482
131,Mitch McGary,OKC,2015,14,78.57142857142857,15.357142857142858,6.928571428571429,0.4511627906976744,2.857142857142857,5.642857142857143,50.63291139240506,0.0,0.07142857142857142,0.0,1.2142857142857142,1.8571428571428572,65.38461538461539,2.0714285714285716,3.142857142857143,5.214285714285714,0.2857142857142857,0.8571428571428571,0.3333333333333333,0.5714285714285714,0.5714285714285714,0.5063291139240507,0.5362671384343211,105.67465437788017,99.80046082949309,5.874193548387083,2.0,25,9.379723502304147
132,Wesley Matthews,POR,2015,60,68.33333333333333,33.78333333333333,15.933333333333334,0.47163295510606806,5.616666666666666,12.533333333333333,44.81382978723404,2.8833333333333333,7.416666666666667,38.87640449438202,1.8166666666666667,2.4166666666666665,75.17241379310344,0.6333333333333333,3.066666666666667,3.7,2.316666666666667,1.35,1.7160493827160495,1.2833333333333334,0.16666666666666666,0.5631648936170213,0.5859279235106644,106.19467980295563,99.41980295566499,6.774876847290642,2.2,272,10.12448275862069
133,Cartier Martin,DET,2015,18,27.77777777777778,9.38888888888889,1.5555555555555556,0.16568047337278108,0.6111111111111112,2.3333333333333335,26.190476190476193,0.3333333333333333,1.5555555555555556,21.428571428571427,0.0,0.0,,0.0,0.8888888888888888,0.8888888888888888,0.3888888888888889,0.2777777777777778,1.4,0.1111111111111111,0.05555555555555555,0.3333333333333333,0.3333333333333333,99.46213017751478,93.82485207100594,5.637278106508845,0.9444444444444444,21,-29.159763313609467
134,Goran Dragic,MIA,2015,60,55.00000000000001,33.2,16.2,0.4879518072289157,6.416666666666667,12.75,50.326797385620914,1.2166666666666666,3.4166666666666665,35.609756097560975,2.15,2.8333333333333335,75.88235294117646,1.0333333333333334,2.5166666666666666,3.55,4.2,2.216666666666667,1.894736842105263,1.0333333333333334,0.15,0.5509803921568628,0.5787092164801143,106.26518259129567,104.84597298649328,1.41920960480239,2.45,70,10.725562781390693
135,Dwight Powell,DAL,2015,24,37.5,8.291666666666666,3.1666666666666665,0.38190954773869346,1.125,2.2083333333333335,50.943396226415096,0.08333333333333333,0.25,33.33333333333333,0.8333333333333334,1.125,74.07407407407408,0.6666666666666666,1.0833333333333333,1.75,0.3333333333333333,0.375,0.8888888888888888,0.375,0.16666666666666666,0.5283018867924528,0.5856966707768188,108.68756218905472,104.99054726368158,3.6970149253731392,1.5,-3,6.099004975124379
136,Charlie Villanueva,DAL,2015,47,59.57446808510638,10.25531914893617,6.0,0.5850622406639004,2.2127659574468086,5.276595744680851,41.935483870967744,1.2340425531914894,3.276595744680851,37.66233766233766,0.3404255319148936,0.574468085106383,59.25925925925925,0.46808510638297873,1.8936170212765957,2.3617021276595747,0.2553191489361702,0.46808510638297873,0.5454545454545454,0.2127659574468085,0.3404255319148936,0.5362903225806451,0.5425581037401878,101.10989690721652,101.46288659793817,-0.35298969072164255,0.851063829787234,-13,10.755463917525777
137,Chuck Hayes,TOR,2015,24,54.166666666666664,8.708333333333334,1.7916666666666667,0.20574162679425836,0.7916666666666666,1.5416666666666667,51.35135135135135,0.0,0.0,,0.20833333333333334,0.375,55.55555555555556,0.375,1.0833333333333333,1.4583333333333333,0.625,0.3333333333333333,1.875,0.375,0.125,0.5135135135135135,0.52490234375,118.1444976076555,106.8157894736842,11.32870813397129,1.3333333333333333,40,3.679425837320572
138,Brandon Rush,GSW,2015,25,80.0,7.48,0.72,0.0962566844919786,0.28,1.32,21.21212121212121,0.04,0.72,5.555555555555555,0.12,0.2,60.0,0.04,1.16,1.2,0.4,0.4,1.0,0.12,0.32,0.22727272727272727,0.2556818181818182,91.67712765957445,112.99361702127659,-21.31648936170214,0.64,-78,1.093085106382979
139,Greg Smith,DAL,2015,39,64.1025641025641,9.0,2.0256410256410255,0.22507122507122507,0.7692307692307693,1.2307692307692308,62.5,0.0,0.0,,0.48717948717948717,0.9487179487179487,51.35135135135135,0.6666666666666666,1.358974358974359,2.0256410256410255,0.20512820512820512,0.28205128205128205,0.7272727272727273,0.1794871794871795,0.28205128205128205,0.625,0.6144990665836964,93.45085227272729,95.57301136363635,-2.122159090909065,1.3333333333333333,-24,5.7548295454545455
140,Jason Richardson,PHI,2015,7,14.285714285714285,26.0,11.571428571428571,0.44505494505494503,4.0,11.0,36.36363636363637,2.142857142857143,5.714285714285714,37.5,1.4285714285714286,1.5714285714285714,90.9090909090909,0.2857142857142857,4.0,4.285714285714286,2.142857142857143,1.0,2.142857142857143,0.8571428571428571,0.14285714285714285,0.461038961038961,0.49486803519061584,91.21967213114753,96.70218579234974,-5.482513661202205,2.4285714285714284,-16,9.389071038251366
141,Pablo Prigioni,HOU,2015,50,26.0,17.42,4.18,0.2399540757749713,1.42,3.5,40.57142857142857,0.9,2.56,35.15625,0.44,0.52,84.61538461538461,0.46,1.3,1.76,2.4,1.02,2.3529411764705883,1.12,0.02,0.5342857142857143,0.5605020381892298,98.80778923253149,104.67044673539519,-5.862657502863698,1.2,-83,8.313745704467351
142,Tyler Hansbrough,TOR,2015,55,61.81818181818181,12.49090909090909,2.8545454545454545,0.22852983988355166,0.9090909090909091,1.8909090909090909,48.07692307692308,0.01818181818181818,0.12727272727272726,14.285714285714285,1.018181818181818,1.5818181818181818,64.36781609195403,1.3636363636363635,1.8909090909090909,3.2545454545454544,0.2545454545454545,0.2727272727272727,0.9333333333333333,0.36363636363636365,0.2,0.4855769230769231,0.5517289850998032,110.81275362318843,100.10420289855071,10.708550724637718,1.8,131,7.2669565217391305
143,Bernard James,DAL,2015,7,28.57142857142857,13.571428571428571,3.4285714285714284,0.25263157894736843,1.0,2.0,50.0,0.0,0.0,,1.4285714285714286,1.7142857142857142,83.33333333333334,1.5714285714285714,1.8571428571428572,3.4285714285714284,0.5714285714285714,0.2857142857142857,2.0,0.0,1.2857142857142858,0.5,0.6224066390041494,104.5178947368421,96.9063157894737,7.6115789473684,1.2857142857142858,11,2.3957894736842107
144,Jeremy Evans,UTA,2015,24,37.5,5.416666666666667,1.5,0.27692307692307694,0.625,1.1666666666666667,53.57142857142857,0.041666666666666664,0.08333333333333333,50.0,0.20833333333333334,0.3333333333333333,62.5,0.4166666666666667,1.1666666666666667,1.5833333333333333,0.2916666666666667,0.08333333333333333,3.5,0.16666666666666666,0.4583333333333333,0.5535714285714286,0.5710659898477157,101.82631578947365,90.81804511278195,11.008270676691708,0.4583333333333333,16,15.216541353383457
145,Spencer Dinwiddie,DET,2015,22,27.27272727272727,12.272727272727273,3.5454545454545454,0.28888888888888886,1.2727272727272727,4.090909090909091,31.11111111111111,0.22727272727272727,1.6818181818181819,13.513513513513514,0.7727272727272727,0.8181818181818182,94.44444444444444,0.045454545454545456,1.0909090909090908,1.1363636363636365,2.6818181818181817,0.8636363636363636,3.1052631578947367,0.4090909090909091,0.13636363636363635,0.3388888888888889,0.39828431372549017,95.22629629629633,102.14333333333335,-6.917037037037019,1.1363636363636365,-32,7.488518518518518
146,Pero Antic,ATL,2015,47,80.85106382978722,16.06382978723404,5.361702127659575,0.3337748344370861,1.6808510638297873,4.74468085106383,35.42600896860987,0.7872340425531915,2.765957446808511,28.46153846153846,1.2127659574468086,1.7659574468085106,68.67469879518072,0.9361702127659575,1.9574468085106382,2.893617021276596,0.8723404255319149,0.851063829787234,1.025,0.19148936170212766,0.2553191489361702,0.437219730941704,0.4855117139334156,105.69179894179895,97.53664021164019,8.15515873015876,2.127659574468085,121,3.9604497354497354
147,Robert Sacre,LAL,2015,55,29.09090909090909,16.436363636363637,4.490909090909091,0.27323008849557523,1.8181818181818181,4.454545454545454,40.816326530612244,0.0,0.0,,0.8545454545454545,1.2727272727272727,67.14285714285714,1.2727272727272727,2.1272727272727274,3.4,0.7818181818181819,0.43636363636363634,1.7916666666666667,0.43636363636363634,0.6363636363636364,0.40816326530612246,0.44778825235678027,99.941059602649,101.62935982339958,-1.6883002207505768,1.8363636363636364,-32,6.996578366445916
148,Patrick Beverley,HOU,2015,49,63.26530612244898,30.979591836734695,10.26530612244898,0.3313570487483531,3.673469387755102,9.63265306122449,38.13559322033898,2.122448979591837,5.857142857142857,36.23693379790941,0.7959183673469388,1.1020408163265305,72.22222222222221,1.2857142857142858,3.163265306122449,4.448979591836735,3.3877551020408165,1.510204081632653,2.2432432432432434,1.1020408163265305,0.3877551020408163,0.4915254237288136,0.5073019202840084,105.80973684210525,103.9303947368421,1.8793421052631487,3.326530612244898,30,7.7
149,JR Smith,CLE,2015,54,46.2962962962963,29.35185185185185,11.666666666666666,0.39747634069400634,4.425925925925926,10.907407407407407,40.57724957555178,1.962962962962963,5.481481481481482,35.810810810810814,0.8518518518518519,1.1481481481481481,74.19354838709677,0.42592592592592593,2.6481481481481484,3.074074074074074,2.9444444444444446,1.4074074074074074,2.0921052631578947,1.2777777777777777,0.24074074074074073,0.49575551782682514,0.5111313039527488,106.99564943253468,104.89319041614124,2.102459016393439,2.3333333333333335,89,8.043064312736446
150,Tristan Thompson,CLE,2015,65,61.53846153846154,27.8,8.953846153846154,0.32208079690094077,3.4615384615384617,6.338461538461538,54.61165048543689,0.0,0.0,,2.0307692307692307,3.123076923076923,65.02463054187191,3.646153846153846,4.569230769230769,8.215384615384615,0.49230769230769234,1.0461538461538462,0.47058823529411764,0.4461538461538462,0.8,0.5461165048543689,0.5804675656267454,109.69380873410722,104.62935323383083,5.064455500276395,2.4461538461538463,150,10.077003869541185
151,Arron Afflalo,POR,2015,60,41.66666666666667,32.516666666666666,13.95,0.42901076371091745,5.033333333333333,11.816666666666666,42.59520451339915,1.5333333333333334,4.45,34.45692883895131,2.35,2.816666666666667,83.4319526627219,0.36666666666666664,2.9,3.2666666666666666,1.8666666666666667,1.6,1.1666666666666667,0.5833333333333334,0.08333333333333333,0.4908321579689704,0.5342371323529411,105.11699948796723,105.82657450076803,-0.7095750128007978,2.066666666666667,-63,7.520634920634918
152,Robin Lopez,POR,2015,38,73.68421052631578,28.342105263157894,9.736842105263158,0.3435468895078923,4.052631578947368,7.7894736842105265,52.02702702702703,0.0,0.0,,1.631578947368421,2.1052631578947367,77.5,3.3947368421052633,3.6315789473684212,7.026315789473684,1.0263157894736843,1.2894736842105263,0.7959183673469388,0.34210526315789475,1.5789473684210527,0.5202702702702703,0.5585748792270532,107.36258124419683,100.14521819870008,7.217363045496754,2.3947368421052633,159,8.996285979572887
153,Robert Covington,PHI,2015,51,27.450980392156865,28.07843137254902,13.019607843137255,0.46368715083798884,4.1568627450980395,10.588235294117647,39.25925925925926,2.3137254901960786,6.137254901960785,37.69968051118211,2.392156862745098,2.9019607843137254,82.43243243243244,0.9215686274509803,3.784313725490196,4.705882352941177,1.392156862745098,1.803921568627451,0.7717391304347826,1.4705882352941178,0.4117647058823529,0.5018518518518519,0.5486515071390798,95.9958158995816,100.65111576011154,-4.6552998605299365,2.6666666666666665,-148,9.905020920502094
154,George Hill,IND,2015,23,69.56521739130434,25.434782608695652,13.826086956521738,0.5435897435897435,4.913043478260869,11.217391304347826,43.798449612403104,1.434782608695652,3.9565217391304346,36.26373626373626,2.5652173913043477,3.3043478260869565,77.63157894736842,0.6521739130434783,3.1739130434782608,3.8260869565217392,4.434782608695652,1.3043478260869565,3.4,0.9130434782608695,0.30434782608695654,0.501937984496124,0.5455668405160582,107.84410256410256,98.66376068376069,9.18034188034187,2.217391304347826,108,14.237606837606839
155,Thomas Robinson,PHI,2015,39,58.97435897435898,13.076923076923077,4.512820512820513,0.34509803921568627,1.8461538461538463,3.717948717948718,49.6551724137931,0.0,0.02564102564102564,0.0,0.8205128205128205,1.6923076923076923,48.484848484848484,1.358974358974359,3.3846153846153846,4.743589743589744,0.38461538461538464,1.0256410256410255,0.375,0.48717948717948717,0.28205128205128205,0.496551724137931,0.505630889450701,99.64296875,96.36523437500001,3.27773437499998,1.7179487179487178,45,8.969726562500002
156,LaMarcus Aldridge,POR,2015,54,70.37037037037037,36.22222222222222,23.24074074074074,0.6416155419222904,9.12962962962963,20.166666666666668,45.27089072543618,0.48148148148148145,1.2962962962962963,37.142857142857146,4.5,5.185185185185185,86.78571428571429,2.5925925925925926,7.907407407407407,10.5,1.7592592592592593,1.7777777777777777,0.9895833333333334,0.7407407407407407,1.037037037037037,0.46464646464646464,0.5176538524995875,109.4409601634321,101.40541368743615,8.035546475995943,1.8703703703703705,316,15.229213483146065
157,Isaiah Canaan,PHI,2015,34,58.82352941176471,18.735294117647058,8.117647058823529,0.43328100470957615,2.735294117647059,6.970588235294118,39.24050632911392,1.7647058823529411,4.5588235294117645,38.70967741935484,0.8823529411764706,1.1176470588235294,78.94736842105263,0.47058823529411764,1.2941176470588236,1.7647058823529411,1.8823529411764706,1.1764705882352942,1.6,0.5588235294117647,0.058823529411764705,0.5189873417721519,0.5439066687687214,97.96786833855798,99.71739811912228,-1.749529780564302,1.588235294117647,-19,9.402821316614418
158,LeBron James,CLE,2015,54,70.37037037037037,36.31481481481482,25.962962962962962,0.7149413564507904,9.24074074074074,18.944444444444443,48.7781036168133,1.6851851851851851,4.981481481481482,33.82899628252788,5.796296296296297,8.11111111111111,71.46118721461188,0.6666666666666666,5.074074074074074,5.7407407407407405,7.333333333333333,4.277777777777778,1.7142857142857142,1.5555555555555556,0.6851851851851852,0.532258064516129,0.5766130358964235,112.91791348600512,102.5845801526718,10.333333333333314,1.9814814814814814,422,16.886208651399496
159,Damian Lillard,POR,2015,61,67.21311475409836,36.32786885245902,21.37704918032787,0.5884476534296029,7.229508196721311,16.721311475409838,43.23529411764706,2.442622950819672,7.147540983606557,34.174311926605505,4.475409836065574,5.180327868852459,86.39240506329115,0.6557377049180327,4.213114754098361,4.868852459016393,6.163934426229508,2.7049180327868854,2.278787878787879,1.3770491803278688,0.2786885245901639,0.5053921568627451,0.5625345113197129,109.31796028880865,100.98709386281591,8.330866425992738,2.0655737704918034,359,14.171886281588446
160,David West,IND,2015,47,46.808510638297875,29.404255319148938,12.595744680851064,0.4283646888567294,5.446808510638298,11.297872340425531,48.21092278719397,0.0851063829787234,0.3617021276595745,23.52941176470588,1.6170212765957446,2.106382978723404,76.76767676767676,1.8085106382978724,5.468085106382978,7.276595744680851,3.3404255319148937,2.0,1.6702127659574468,0.8297872340425532,0.7446808510638298,0.4858757062146893,0.5151768309663047,100.43981213872831,103.63829479768789,-3.198482658959577,2.3617021276595747,-71,13.250578034682082
161,Timofey Mozgov,CLE,2015,64,56.25,25.59375,9.40625,0.36752136752136755,3.75,6.84375,54.794520547945204,0.03125,0.09375,33.33333333333333,1.875,2.5625,73.17073170731707,2.578125,5.078125,7.65625,0.578125,1.359375,0.42528735632183906,0.421875,1.359375,0.5502283105022832,0.5900109769484084,110.32582417582414,103.62997557997564,6.695848595848503,2.984375,206,10.106837606837603
162,Luc Mbah a Moute,PHI,2015,55,23.636363636363637,29.054545454545455,10.272727272727273,0.35356695869837296,3.981818181818182,9.636363636363637,41.320754716981135,0.8909090909090909,2.9454545454545453,30.246913580246915,1.4181818181818182,2.418181818181818,58.64661654135338,1.309090909090909,3.727272727272727,5.036363636363636,1.490909090909091,1.6545454545454545,0.9010989010989011,1.290909090909091,0.2909090909090909,0.45943396226415095,0.4800176714470197,90.71704119850189,100.85468164794007,-10.13764044943818,1.6,-322,8.30043695380774
163,James Harden,HOU,2015,62,69.35483870967742,36.693548387096776,27.112903225806452,0.7389010989010989,8.064516129032258,18.032258064516128,44.72271914132379,2.596774193548387,6.838709677419355,37.971698113207545,8.387096774193548,9.661290322580646,86.81135225375625,0.9193548387096774,4.919354838709677,5.838709677419355,7.112903225806452,4.048387096774194,1.7569721115537849,1.9193548387096775,0.8064516129032258,0.5192307692307693,0.6083702481253076,109.26998683633173,101.96976744186045,7.30021939447127,2.596774193548387,312,19.450372970601144
164,Kevin Love,CLE,2015,62,62.903225806451616,34.435483870967744,16.887096774193548,0.49039812646370023,5.564516129032258,12.919354838709678,43.07116104868914,1.903225806451613,5.241935483870968,36.30769230769231,3.8548387096774195,4.790322580645161,80.47138047138047,1.967741935483871,8.193548387096774,10.161290322580646,2.338709677419355,1.5483870967741935,1.5104166666666667,0.7258064516129032,0.46774193548387094,0.5043695380774033,0.5618882019577537,111.0642223260159,104.14124241008874,6.922979915927158,2.0161290322580645,315,13.959551611396542
165,Corey Brewer,HOU,2015,61,47.540983606557376,26.16393442622951,11.442622950819672,0.43734335839599,4.245901639344262,9.950819672131148,42.66886326194398,0.8852459016393442,3.1311475409836067,28.272251308900525,2.0655737704918034,2.7704918032786887,74.55621301775149,1.0163934426229508,2.4262295081967213,3.442622950819672,2.3278688524590163,1.6557377049180328,1.4059405940594059,1.5737704918032787,0.19672131147540983,0.471169686985173,0.5122108723729012,102.1155917345022,104.33919849718222,-2.2236067626800207,2.278688524590164,-74,8.864809016906701
166,Matthew Dellavedova,CLE,2015,50,60.0,20.66,4.42,0.21393998063891578,1.54,4.46,34.52914798206278,0.92,2.44,37.704918032786885,0.42,0.6,70.0,0.6,1.4,2.0,2.82,0.88,3.2045454545454546,0.32,0.04,0.4484304932735426,0.4678238780694327,104.13603864734299,105.14376811594201,-1.007729468599024,2.4,-25,4.0267632850241535
167,Mike Miller,CLE,2015,43,58.139534883720934,14.162790697674419,2.0930232558139537,0.1477832512315271,0.7209302325581395,2.2790697674418605,31.63265306122449,0.627906976744186,1.9534883720930232,32.142857142857146,0.023255813953488372,0.046511627906976744,50.0,0.09302325581395349,1.7674418604651163,1.8604651162790697,0.9069767441860465,0.46511627906976744,1.95,0.3023255813953488,0.06976744186046512,0.45408163265306123,0.4550970873786408,99.11196721311477,103.7716393442623,-4.659672131147531,1.5116279069767442,-62,3.3645901639344267
168,JaKarr Sampson,PHI,2015,56,23.214285714285715,13.839285714285714,4.660714285714286,0.3367741935483871,1.7857142857142858,4.089285714285714,43.66812227074236,0.39285714285714285,1.4107142857142858,27.848101265822784,0.6964285714285714,1.1428571428571428,60.9375,0.4107142857142857,1.5714285714285714,1.9821428571428572,0.8928571428571429,0.9464285714285714,0.9433962264150944,0.44642857142857145,0.39285714285714285,0.4847161572052402,0.5074661689220719,92.17564102564101,104.43961538461541,-12.263974358974394,1.7321428571428572,-222,5.0920512820512815
169,James Jones,CLE,2015,41,56.09756097560976,10.804878048780488,4.195121951219512,0.38826185101580135,1.2682926829268293,3.341463414634146,37.95620437956204,1.1219512195121952,2.951219512195122,38.01652892561984,0.5365853658536586,0.6585365853658537,81.48148148148148,0.12195121951219512,1.0731707317073171,1.1951219512195121,0.43902439024390244,0.21951219512195122,2.0,0.21951219512195122,0.12195121951219512,0.5474452554744526,0.5776464266523375,102.62219730941699,112.97713004484304,-10.354932735426047,0.9024390243902439,-93,7.101793721973095
170,Jerami Grant,PHI,2015,47,29.78723404255319,19.29787234042553,6.1063829787234045,0.3164277839029768,1.8297872340425532,4.872340425531915,37.55458515283843,0.7021276595744681,1.8936170212765957,37.07865168539326,1.7446808510638299,2.702127659574468,64.56692913385827,0.851063829787234,2.0638297872340425,2.9148936170212765,1.0,1.1702127659574468,0.8545454545454545,0.5957446808510638,0.9574468085106383,0.44759825327510916,0.5037208649255827,94.72940528634363,100.09394273127754,-5.364537444933902,1.9148936170212767,-125,6.8583700440528625
171,CJ Miles,IND,2015,51,43.13725490196079,25.352941176470587,12.470588235294118,0.4918793503480278,4.352941176470588,11.470588235294118,37.94871794871795,1.9411764705882353,6.117647058823529,31.73076923076923,1.8235294117647058,2.2549019607843137,80.8695652173913,0.27450980392156865,2.5294117647058822,2.803921568627451,1.0980392156862746,1.0196078431372548,1.0769230769230769,0.9411764705882353,0.3333333333333333,0.4641025641025641,0.500314663310258,102.81568778979907,97.27944358578057,5.536244204018502,1.803921568627451,147,7.775502318392579
172,Ian Mahinmi,IND,2015,41,43.90243902439025,18.878048780487806,4.902439024390244,0.2596899224806202,2.1219512195121952,3.658536585365854,57.99999999999999,0.0,0.0,,0.6585365853658537,1.829268292682927,36.0,1.829268292682927,4.414634146341464,6.2439024390243905,0.5609756097560976,1.048780487804878,0.5348837209302325,0.4878048780487805,0.5853658536585366,0.58,0.5491803278688525,99.328,97.94219354838711,1.3858064516128934,2.8292682926829267,-5,8.975096774193547
173,Quincy Acy,NYK,2015,52,17.307692307692307,19.134615384615383,5.461538461538462,0.28542713567839195,2.173076923076923,4.634615384615385,46.88796680497925,0.19230769230769232,0.6730769230769231,28.57142857142857,0.9230769230769231,1.25,73.84615384615385,1.2692307692307692,3.25,4.519230769230769,0.9615384615384616,0.9230769230769231,1.0416666666666667,0.36538461538461536,0.28846153846153844,0.4896265560165975,0.5267062314540059,94.46446446446446,103.45465465465469,-8.990190190190233,2.173076923076923,-196,8.156956956956959
174,Tim Hardaway Jr.,NYK,2015,60,20.0,23.866666666666667,11.183333333333334,0.4685754189944134,3.9166666666666665,10.233333333333333,38.273615635179155,1.6166666666666667,4.933333333333334,32.77027027027027,1.7333333333333334,2.1666666666666665,80.0,0.18333333333333332,2.05,2.2333333333333334,1.7333333333333334,1.0833333333333333,1.6,0.2833333333333333,0.21666666666666667,0.46172638436482083,0.49985101311084623,96.79534722222226,108.75652777777776,-11.9611805555555,1.7833333333333334,-319,7.730069444444445
175,Kendrick Perkins,CLE,2015,56,53.57142857142857,18.178571428571427,3.732142857142857,0.20530451866404714,1.5178571428571428,3.5357142857142856,42.92929292929293,0.0,0.017857142857142856,0.0,0.6964285714285714,1.3571428571428572,51.31578947368421,1.5,3.6607142857142856,5.160714285714286,0.7857142857142857,1.4107142857142858,0.5569620253164557,0.26785714285714285,0.6785714285714286,0.4292929292929293,0.4515209125475285,101.361862745098,99.31421568627448,2.0476470588235145,2.5892857142857144,47,4.849117647058823
176,Jason Terry,HOU,2015,60,70.0,20.983333333333334,6.983333333333333,0.3328038125496426,2.4166666666666665,5.8,41.66666666666667,1.6166666666666667,4.216666666666667,38.3399209486166,0.5333333333333333,0.6666666666666666,80.0,0.23333333333333334,1.35,1.5833333333333333,1.9333333333333333,1.0,1.9333333333333333,0.9166666666666666,0.23333333333333334,0.5560344827586207,0.5730306345733042,102.45787806809183,98.29414093428346,4.163737133808368,1.4166666666666667,120,7.9417260490894686
177,James Ennis III,MIA,2015,50,44.0,14.88,4.06,0.2728494623655914,1.3,3.32,39.1566265060241,0.4,1.24,32.25806451612903,1.06,1.24,85.48387096774194,0.72,1.72,2.44,0.62,0.6,1.0333333333333334,0.46,0.26,0.45180722891566266,0.5251448675496688,98.35804289544238,101.86045576407508,-3.502412868632703,1.3,-43,8.894235924932975
178,KJ McDaniels,HOU,2015,56,28.57142857142857,23.732142857142858,8.535714285714286,0.35966892400300976,3.0,7.553571428571429,39.71631205673759,0.7678571428571429,2.642857142857143,29.054054054054053,1.7678571428571428,2.3392857142857144,75.57251908396947,1.1428571428571428,2.3392857142857144,3.482142857142857,1.25,1.8571428571428572,0.6730769230769231,0.7857142857142857,1.2142857142857142,0.44799054373522457,0.49725366178428765,91.88057014253563,100.53705926481621,-8.656489122280576,2.2142857142857144,-256,7.015378844711177
179,Udonis Haslem,MIA,2015,46,47.82608695652174,14.08695652173913,3.5869565217391304,0.25462962962962965,1.391304347826087,3.260869565217391,42.66666666666667,0.021739130434782608,0.06521739130434782,33.33333333333333,0.782608695652174,1.1304347826086956,69.23076923076923,0.9347826086956522,2.630434782608696,3.5652173913043477,0.6086956521739131,0.45652173913043476,1.3333333333333333,0.2391304347826087,0.17391304347826086,0.43,0.47720962517353077,94.84915254237286,104.55084745762714,-9.70169491525428,1.565217391304348,-108,11.110785824345148
180,Solomon Hill,IND,2015,62,45.16129032258064,29.967741935483872,9.35483870967742,0.31216361679224974,3.193548387096774,8.03225806451613,39.75903614457831,0.8387096774193549,2.6774193548387095,31.32530120481928,2.129032258064516,2.596774193548387,81.98757763975155,0.9032258064516129,3.1129032258064515,4.016129032258065,2.2419354838709675,1.3870967741935485,1.6162790697674418,0.9354838709677419,0.24193548387096775,0.4497991967871486,0.5098094367484706,99.5874932903918,104.57960279119702,-4.992109500805213,2.1451612903225805,-203,7.488298443370907
181,Steve Blake,POR,2015,61,67.21311475409836,19.83606557377049,4.426229508196721,0.2231404958677686,1.5573770491803278,4.114754098360656,37.84860557768924,0.9180327868852459,2.622950819672131,35.0,0.39344262295081966,0.5409836065573771,72.72727272727273,0.21311475409836064,1.5737704918032787,1.7868852459016393,3.557377049180328,1.2950819672131149,2.7468354430379747,0.5081967213114754,0.08196721311475409,0.4900398406374502,0.508436275986743,102.28175061932289,100.71180842279107,1.5699421965318265,1.6557377049180328,42,6.326011560693642
182,CJ McCollum,POR,2015,42,64.28571428571429,12.476190476190476,4.738095238095238,0.3797709923664122,1.6428571428571428,4.309523809523809,38.12154696132597,0.7619047619047619,1.9047619047619047,40.0,0.6904761904761905,1.0,69.04761904761905,0.16666666666666666,0.8571428571428571,1.0238095238095237,0.7142857142857143,0.5238095238095238,1.3636363636363635,0.5,0.07142857142857142,0.4696132596685083,0.49879687186685384,94.88878326996198,94.63365019011405,0.2551330798479228,0.9285714285714286,15,5.7663498098859325
183,Iman Shumpert,CLE,2015,46,45.65217391304348,24.304347826086957,7.913043478260869,0.32558139534883723,3.0869565217391304,7.456521739130435,41.39941690962099,1.0434782608695652,3.0217391304347827,34.53237410071942,0.6956521739130435,1.0434782608695652,66.66666666666666,0.8478260869565217,2.4347826086956523,3.282608695652174,2.347826086956522,1.5434782608695652,1.5211267605633803,1.1521739130434783,0.21739130434782608,0.4839650145772595,0.49983521915851914,103.29777580071173,104.29448398576511,-0.9967081850533788,2.217391304347826,-25,7.4991103202846965
184,Joe Harris,CLE,2015,45,62.22222222222222,9.444444444444445,2.6444444444444444,0.28,0.9111111111111111,2.2222222222222223,41.0,0.6444444444444445,1.6222222222222222,39.726027397260275,0.17777777777777778,0.28888888888888886,61.53846153846154,0.13333333333333333,0.6,0.7333333333333333,0.4888888888888889,0.4222222222222222,1.1578947368421053,0.15555555555555556,0.022222222222222223,0.555,0.5628074158153613,103.36285046728969,113.0841121495327,-9.72126168224301,1.0666666666666667,-75,1.750233644859813
185,Alonzo Gee,POR,2015,43,37.2093023255814,12.395348837209303,4.651162790697675,0.37523452157598497,1.627906976744186,3.302325581395349,49.29577464788733,0.2558139534883721,0.5813953488372093,44.0,1.1395348837209303,1.6046511627906976,71.01449275362319,0.6744186046511628,1.0,1.6744186046511629,0.4418604651162791,0.6511627906976745,0.6785714285714286,0.7209302325581395,0.13953488372093023,0.5316901408450704,0.5801810164771408,101.02870544090055,105.71200750469042,-4.683302063789867,1.0232558139534884,-73,8.546529080675421
186,Joey Dorsey,HOU,2015,50,70.0,11.48,2.34,0.2038327526132404,1.04,1.96,53.06122448979592,0.0,0.0,,0.26,0.92,28.26086956521739,1.52,2.26,3.78,0.32,0.62,0.5161290322580645,0.62,0.4,0.5306122448979592,0.4947564276048715,102.59616724738673,100.77578397212542,1.8203832752613067,2.2,10,5.549303135888502
187,Kevin Garnett,MIN,2015,47,42.5531914893617,20.170212765957448,6.872340425531915,0.3407172995780591,3.0425531914893615,6.51063829787234,46.73202614379085,0.02127659574468085,0.14893617021276595,14.285714285714285,0.7659574468085106,0.9574468085106383,80.0,1.0212765957446808,5.595744680851064,6.617021276595745,1.6382978723404256,0.9787234042553191,1.673913043478261,0.9787234042553191,0.3617021276595745,0.46895424836601307,0.4957028852056476,101.90346274921302,102.56358866736622,-0.6601259181531987,2.3191489361702127,-24,13.372612801678905
188,Martell Webster,WAS,2015,21,38.095238095238095,9.952380952380953,2.7142857142857144,0.2727272727272727,0.6666666666666666,2.5714285714285716,25.925925925925924,0.2857142857142857,1.2380952380952381,23.076923076923077,1.0952380952380953,1.4761904761904763,74.19354838709677,0.19047619047619047,1.0476190476190477,1.2380952380952381,0.5714285714285714,0.6666666666666666,0.8571428571428571,0.19047619047619047,0.047619047619047616,0.3148148148148148,0.42134831460674155,87.021327014218,110.91658767772512,-23.895260663507116,0.8095238095238095,-102,1.9436018957345969
189,Nicolas Batum,POR,2015,54,62.96296296296296,34.111111111111114,9.5,0.2785016286644951,3.4814814814814814,8.796296296296296,39.578947368421055,1.3333333333333333,4.5,29.629629629629626,1.2037037037037037,1.4074074074074074,85.52631578947368,0.8333333333333334,4.814814814814815,5.648148148148148,4.7592592592592595,1.8703703703703705,2.5445544554455446,1.0740740740740742,0.6666666666666666,0.47157894736842104,0.5044843049327354,107.22172264355359,102.15265438786568,5.06906825568791,1.5,185,9.77827735644637
190,Reggie Evans,SAC,2015,35,31.428571428571427,17.428571428571427,3.8857142857142857,0.22295081967213115,1.2285714285714286,3.0,40.95238095238095,0.0,0.05714285714285714,0.0,1.4285714285714286,2.2857142857142856,62.5,2.257142857142857,4.371428571428571,6.628571428571429,0.6857142857142857,0.9714285714285714,0.7058823529411765,0.4,0.11428571428571428,0.4095238095238095,0.4850213980028531,101.83316993464052,109.23006535947711,-7.396895424836586,2.1142857142857143,-82,9.180065359477124
191,Roy Hibbert,IND,2015,57,43.859649122807014,25.68421052631579,10.701754385964913,0.4166666666666667,4.2105263157894735,9.508771929824562,44.28044280442804,0.0,0.017543859649122806,0.0,2.280701754385965,2.736842105263158,83.33333333333334,1.9824561403508771,5.228070175438597,7.2105263157894735,1.105263157894737,1.543859649122807,0.7159090909090909,0.21052631578947367,1.7543859649122806,0.44280442804428044,0.49947595964889296,99.62978868438991,101.95725971370145,-2.327471029311539,2.9298245614035086,-88,10.952215405589643
192,Josh Smith,HOU,2015,64,43.75,28.46875,12.3125,0.43249176728869376,5.09375,12.3125,41.370558375634516,0.703125,2.390625,29.411764705882355,1.421875,2.984375,47.64397905759162,1.890625,4.8125,6.703125,3.578125,2.515625,1.4223602484472049,1.109375,1.453125,0.44225888324873097,0.4518141369661942,100.3817882611081,102.3523861766319,-1.970597915523797,2.8125,-82,9.742292923752057
193,Rodney Stuckey,IND,2015,54,46.2962962962963,26.37037037037037,12.537037037037036,0.47542134831460675,4.648148148148148,10.407407407407407,44.661921708185055,0.6296296296296297,1.6666666666666667,37.77777777777778,2.611111111111111,3.111111111111111,83.92857142857143,0.5555555555555556,3.0185185185185186,3.574074074074074,3.1296296296296298,1.6296296296296295,1.9204545454545454,0.8333333333333334,0.1111111111111111,0.47686832740213525,0.5322996603346333,100.4122720897616,101.7305750350631,-1.3183029453014967,1.962962962962963,-39,11.594179523141651
194,Hollis Thompson,PHI,2015,52,17.307692307692307,24.98076923076923,8.057692307692308,0.32255581216320245,2.8461538461538463,7.038461538461538,40.43715846994536,1.5,3.8653846153846154,38.80597014925373,0.8653846153846154,1.2884615384615385,67.16417910447761,0.7307692307692307,2.3461538461538463,3.076923076923077,1.1346153846153846,0.9423076923076923,1.2040816326530612,0.7884615384615384,0.36538461538461536,0.5109289617486339,0.5297360169920097,92.16671790930057,103.4833973866257,-11.316679477325124,2.0576923076923075,-304,6.482090699461952
195,Trevor Ariza,HOU,2015,63,68.25396825396825,35.714285714285715,12.444444444444445,0.34844444444444445,4.365079365079365,11.34920634920635,38.46153846153847,2.2698412698412698,6.873015873015873,33.02540415704388,1.4444444444444444,1.6666666666666667,86.66666666666667,0.9682539682539683,4.428571428571429,5.396825396825397,2.3968253968253967,1.6507936507936507,1.4519230769230769,1.9047619047619047,0.1746031746031746,0.4846153846153846,0.5149763531266421,105.22074633496223,100.68778320746333,4.532963127498903,2.365079365079365,192,8.758773878276322
196,Damjan Rudez,IND,2015,51,41.17647058823529,16.215686274509803,4.686274509803922,0.2889963724304716,1.7254901960784315,3.9607843137254903,43.56435643564357,0.9215686274509803,2.4901960784313726,37.00787401574803,0.3137254901960784,0.45098039215686275,69.56521739130434,0.11764705882352941,0.6470588235294118,0.7647058823529411,0.803921568627451,0.6666666666666666,1.2058823529411764,0.2549019607843137,0.09803921568627451,0.551980198019802,0.5633603620592118,100.45655836341759,98.00830324909747,2.448255114320119,1.1176470588235294,58,4.158604091456077
197,Donatas Motiejunas,HOU,2015,63,68.25396825396825,27.96825396825397,11.698412698412698,0.41827468785471056,4.841269841269841,9.571428571428571,50.58043117744611,0.6507936507936508,1.7777777777777777,36.607142857142854,1.3650793650793651,2.2222222222222223,61.42857142857143,1.9682539682539681,4.0476190476190474,6.015873015873016,1.7142857142857142,1.7619047619047619,0.972972972972973,0.746031746031746,0.4603174603174603,0.5398009950248757,0.5544688534456816,105.1674985819626,101.4452070334657,3.722291548496898,2.888888888888889,119,9.588655700510499
198,Chris Kaman,POR,2015,58,65.51724137931035,19.913793103448278,8.672413793103448,0.4354978354978355,3.7758620689655173,7.706896551724138,48.99328859060403,0.0,0.0,,1.1206896551724137,1.5689655172413792,71.42857142857143,1.896551724137931,4.689655172413793,6.586206896551724,0.9137931034482759,1.5517241379310345,0.5888888888888889,0.2413793103448276,0.8275862068965517,0.4899328859060403,0.516384691195795,101.78261245674742,102.95397923875433,-1.1713667820069134,2.103448275862069,-34,11.573961937716264
199,C.J. Watson,IND,2015,43,46.51162790697674,25.767441860465116,9.720930232558139,0.37725631768953066,3.116279069767442,7.3023255813953485,42.675159235668794,1.1395348837209303,3.0,37.98449612403101,2.3488372093023258,2.8372093023255816,82.78688524590164,0.27906976744186046,2.5813953488372094,2.86046511627907,3.697674418604651,1.8604651162790697,1.9875,0.8604651162790697,0.16279069767441862,0.5047770700636943,0.5684290687554395,100.12039532794253,101.59991015274035,-1.4795148247978176,1.8837209302325582,-4,10.630637915543577
200,Terrence Jones,HOU,2015,20,75.0,27.75,12.5,0.45045045045045046,5.15,9.85,52.28426395939086,0.35,1.1,31.818181818181817,1.85,2.95,62.71186440677966,2.55,4.6,7.15,1.0,1.1,0.9090909090909091,0.55,1.95,0.5406091370558376,0.5606386795837818,107.8673249551167,97.65960502692998,10.20771992818672,2.35,110,12.157450628366249
201,Dorell Wright,POR,2015,35,60.0,10.885714285714286,4.085714285714285,0.3753280839895013,1.2857142857142858,3.3714285714285714,38.13559322033898,0.8285714285714286,2.0,41.42857142857143,0.6857142857142857,0.8571428571428571,80.0,0.22857142857142856,1.7714285714285714,2.0,0.8,0.42857142857142855,1.8666666666666667,0.4,0.22857142857142856,0.5042372881355932,0.544969512195122,105.22598425196851,97.67375328083992,7.552230971128594,1.1428571428571428,54,10.175590551181102
202,Nerlens Noel,PHI,2015,59,23.728813559322035,30.76271186440678,8.847457627118644,0.28760330578512394,3.5762711864406778,8.05084745762712,44.42105263157895,0.0,0.0,,1.694915254237288,2.7796610169491527,60.97560975609756,2.23728813559322,5.423728813559322,7.661016949152542,1.6271186440677967,2.0,0.8135593220338984,1.7796610169491525,1.8983050847457628,0.4442105263157895,0.47700855325681707,90.27888949972512,100.41363386476087,-10.134744365035743,2.76271186440678,-371,9.943485431555798
203,Furkan Aldemir,PHI,2015,25,20.0,10.72,1.48,0.13805970149253732,0.64,1.32,48.484848484848484,0.0,0.04,0.0,0.2,0.4,50.0,1.72,2.2,3.92,0.64,0.4,1.6,0.44,0.4,0.48484848484848486,0.49465240641711233,93.14253731343285,104.9018656716418,-11.759328358208947,1.8,-66,7.025
204,Kyrie Irving,CLE,2015,60,65.0,37.13333333333333,21.416666666666668,0.5767504488330341,7.65,16.483333333333334,46.41051567239636,2.0166666666666666,5.1,39.54248366013072,4.1,4.75,86.31578947368422,0.6833333333333333,2.45,3.1333333333333333,5.2,2.35,2.2127659574468086,1.4666666666666666,0.26666666666666666,0.525278058645096,0.5765434314429289,112.72450716845876,104.72128136200715,8.00322580645161,1.95,357,12.53104838709677
205,Luis Scola,IND,2015,61,44.26229508196721,20.42622950819672,9.229508196721312,0.4518459069020867,3.721311475409836,8.032786885245901,46.326530612244895,0.08196721311475409,0.2786885245901639,29.411764705882355,1.7049180327868851,2.5081967213114753,67.97385620915033,1.5573770491803278,4.672131147540983,6.229508196721311,1.5081967213114753,1.2950819672131149,1.1645569620253164,0.6557377049180327,0.19672131147540983,0.4683673469387755,0.5050958156893706,101.84131305044033,99.51849479583667,2.3228182546036606,2.3278688524590163,68,12.422818254603685
206,Ish Smith,PHI,2015,38,52.63157894736842,8.736842105263158,2.9210526315789473,0.33433734939759036,1.236842105263158,3.3157894736842106,37.301587301587304,0.10526315789473684,0.39473684210526316,26.666666666666668,0.34210526315789475,0.7105263157894737,48.148148148148145,0.18421052631578946,1.0526315789473684,1.236842105263158,1.894736842105263,0.7105263157894737,2.6666666666666665,0.2631578947368421,0.07894736842105263,0.3888888888888889,0.40252393385552654,90.71761194029851,103.06626865671642,-12.348656716417906,0.5526315789473685,-78,5.913432835820896
207,Dewayne Dedmon,ORL,2015,45,31.11111111111111,12.777777777777779,3.577777777777778,0.28,1.511111111111111,2.6666666666666665,56.666666666666664,0.0,0.022222222222222223,0.0,0.5555555555555556,1.1111111111111112,50.0,1.8666666666666667,2.577777777777778,4.444444444444445,0.15555555555555556,0.6666666666666666,0.23333333333333334,0.26666666666666666,0.8222222222222222,0.5666666666666667,0.5669014084507042,98.29359861591696,94.0430795847751,4.250519031141863,2.2222222222222223,32,8.40536332179931
208,Cory Jefferson,BKN,2015,35,28.57142857142857,10.514285714285714,3.6857142857142855,0.35054347826086957,1.5142857142857142,3.3142857142857145,45.689655172413794,0.05714285714285714,0.3142857142857143,18.181818181818183,0.6,1.0285714285714285,58.333333333333336,0.8857142857142857,2.0,2.8857142857142857,0.34285714285714286,0.3142857142857143,1.0909090909090908,0.11428571428571428,0.34285714285714286,0.46551724137931033,0.48922936893203883,106.9669376693767,95.60867208672086,11.358265582655847,1.1714285714285715,74,10.999457994579947
209,Enes Freedom,OKC,2015,57,40.35087719298245,27.333333333333332,13.894736842105264,0.5083440308087291,5.807017543859649,11.614035087719298,50.0,0.22807017543859648,0.7192982456140351,31.70731707317073,2.0526315789473686,2.6842105263157894,76.47058823529412,3.1052631578947367,4.9298245614035086,8.035087719298245,0.7192982456140351,1.8245614035087718,0.3942307692307692,0.45614035087719296,0.3333333333333333,0.5098187311178247,0.542971535128613,107.0897567221511,108.5136363636364,-1.4238796414852999,2.456140350877193,-43,11.225928297055056
210,Gordon Hayward,UTA,2015,62,41.935483870967744,34.91935483870968,19.548387096774192,0.5598152424942263,6.564516129032258,14.548387096774194,45.1219512195122,1.6290322580645162,4.387096774193548,37.13235294117647,4.790322580645161,5.887096774193548,81.36986301369863,0.6935483870967742,4.209677419354839,4.903225806451613,4.161290322580645,2.774193548387097,1.5,1.4193548387096775,0.3709677419354839,0.5072062084257206,0.5702992659514399,106.4009677419355,105.24824884792625,1.1527188940092543,1.903225806451613,54,13.757511520737328
211,Victor Oladipo,ORL,2015,54,33.33333333333333,34.81481481481482,17.537037037037038,0.5037234042553191,6.462962962962963,14.24074074074074,45.38361508452536,1.0740740740740742,3.074074074074074,34.93975903614458,3.537037037037037,4.296296296296297,82.32758620689656,0.7407407407407407,3.4814814814814814,4.222222222222222,3.9814814814814814,2.814814814814815,1.4144736842105263,1.5925925925925926,0.14814814814814814,0.49154746423927176,0.5435780869724939,101.97874601487781,108.10037194473965,-6.121625929861835,2.5925925925925926,-236,10.202125398512221
212,Steven Adams,OKC,2015,51,52.94117647058824,24.254901960784313,7.392156862745098,0.3047696038803557,3.019607843137255,5.490196078431373,55.00000000000001,0.0,0.0196078431372549,0.0,1.3529411764705883,2.5686274509803924,52.67175572519084,2.5294117647058822,4.450980392156863,6.980392156862745,0.9803921568627451,1.5686274509803921,0.625,0.43137254901960786,1.2352941176470589,0.55,0.558286932827864,104.5414043583535,102.88539144471346,1.6560129136400406,2.980392156862745,44,8.500242130750605
213,John Lucas III,DET,2015,10,40.0,13.0,4.8,0.36923076923076925,2.0,4.7,42.5531914893617,0.6,1.4,42.857142857142854,0.2,0.2,100.0,0.2,0.3,0.5,3.3,0.6,5.5,0.5,0.0,0.48936170212765956,0.5012531328320802,100.61461538461539,105.31384615384616,-4.699230769230766,1.0,-9,10.812307692307693
214,D.J. Augustin,OKC,2015,63,42.857142857142854,24.333333333333332,10.587301587301587,0.43509458577951726,3.492063492063492,8.53968253968254,40.89219330855018,1.0317460317460319,3.0317460317460316,34.031413612565444,2.5714285714285716,2.9682539682539684,86.63101604278076,0.25396825396825395,1.8253968253968254,2.0793650793650795,4.73015873015873,1.9047619047619047,2.4833333333333334,0.6507936507936508,0.031746031746031744,0.46933085501858735,0.5376604114270974,102.70306388526731,105.34797913950462,-2.6449152542373042,1.1587301587301588,-67,11.185919165580177
215,Dirk Nowitzki,DAL,2015,61,62.295081967213115,29.57377049180328,17.34426229508197,0.5864745011086474,6.426229508196721,14.049180327868852,45.74095682613769,1.278688524590164,3.6065573770491803,35.45454545454545,3.2131147540983607,3.622950819672131,88.68778280542986,0.5901639344262295,5.409836065573771,6.0,1.8688524590163935,1.0327868852459017,1.8095238095238095,0.5081967213114754,0.4426229508196721,0.5029171528588098,0.5543678739101274,107.7240310077519,103.01495016611295,4.709080841638951,1.9672131147540983,195,13.87275747508306
216,David Lee,GSW,2015,36,75.0,18.36111111111111,8.11111111111111,0.44175491679273826,3.3333333333333335,6.527777777777778,51.06382978723404,0.0,0.05555555555555555,0.0,1.4444444444444444,2.1944444444444446,65.82278481012658,1.75,3.888888888888889,5.638888888888889,1.9444444444444444,1.0277777777777777,1.8918918918918919,0.7777777777777778,0.6388888888888888,0.5106382978723404,0.5412218268090154,106.79185520361993,101.15987933634993,5.63197586727,1.6944444444444444,73,13.71478129713424
217,Elijah Millsap,UTA,2015,28,50.0,21.607142857142858,5.357142857142857,0.24793388429752067,1.6785714285714286,5.214285714285714,32.19178082191781,0.6785714285714286,2.0357142857142856,33.33333333333333,1.3214285714285714,1.7857142857142858,74.0,0.5714285714285714,2.7142857142857144,3.2857142857142856,1.1785714285714286,1.4642857142857142,0.8048780487804879,1.2857142857142858,0.35714285714285715,0.386986301369863,0.44642857142857145,100.36429752066114,95.77123966942148,4.593057851239664,2.5714285714285716,43,4.194380165289257
218,Joe Johnson,BKN,2015,59,42.3728813559322,35.20338983050848,15.05084745762712,0.4275397207510833,5.8474576271186445,13.423728813559322,43.56060606060606,1.576271186440678,4.288135593220339,36.75889328063241,1.7796610169491525,2.2033898305084745,80.76923076923077,0.7288135593220338,4.101694915254237,4.830508474576271,3.4915254237288136,1.8305084745762712,1.9074074074074074,0.7288135593220338,0.23728813559322035,0.4943181818181818,0.5228450306170513,103.41737044145873,105.70834932821498,-2.2909788867562497,1.5593220338983051,-85,10.146497120921305
219,Danny Green,SAS,2015,61,63.934426229508205,29.360655737704917,11.672131147540984,0.3975432719151312,4.016393442622951,9.426229508196721,42.608695652173914,2.3278688524590163,5.885245901639344,39.55431754874652,1.3114754098360655,1.5245901639344261,86.02150537634408,0.7540983606557377,3.737704918032787,4.491803278688525,1.819672131147541,1.1967213114754098,1.5205479452054795,1.3442622950819672,1.1475409836065573,0.5495652173913044,0.5779971424860372,105.33138238573022,98.79247491638797,6.538907469342249,2.0163934426229506,219,10.380323299888513
220,Trey Burke,UTA,2015,61,42.62295081967213,30.934426229508198,12.918032786885245,0.4175940646528882,4.950819672131147,13.21311475409836,37.468982630272954,1.6229508196721312,5.049180327868853,32.142857142857146,1.3934426229508197,1.7868852459016393,77.98165137614679,0.39344262295081966,2.2131147540983607,2.6065573770491803,4.540983606557377,1.639344262295082,2.77,0.8032786885245902,0.22950819672131148,0.43610421836228286,0.46137992411822565,104.27970401691326,106.74011627906981,-2.4604122621565523,1.6229508196721312,-69,8.503276955602539
221,Anthony Morrow,OKC,2015,55,58.18181818181818,23.236363636363638,9.345454545454546,0.40219092331768386,3.4363636363636365,7.781818181818182,44.1588785046729,1.4727272727272727,3.8181818181818183,38.57142857142858,1.0,1.1454545454545455,87.3015873015873,0.5636363636363636,1.8909090909090909,2.4545454545454546,0.8545454545454545,0.43636363636363634,1.9583333333333333,0.6363636363636364,0.10909090909090909,0.5362149532710281,0.5639427718774686,104.96379984362787,99.3110242376857,5.652775605942168,1.690909090909091,181,7.474198592650508
222,Jeremy Lin,LAL,2015,61,26.229508196721312,25.868852459016395,10.868852459016393,0.42015209125475284,3.737704918032787,8.62295081967213,43.346007604562736,0.8852459016393442,2.442622950819672,36.241610738255034,2.5081967213114753,3.2295081967213113,77.66497461928934,0.29508196721311475,2.2295081967213113,2.5245901639344264,4.704918032786885,2.180327868852459,2.1578947368421053,1.1639344262295082,0.4098360655737705,0.4847908745247148,0.5410654827968923,102.4806329113924,108.62506329113927,-6.144430379746865,2.639344262295082,-201,9.642784810126582
223,Serge Ibaka,OKC,2015,63,55.55555555555556,33.22222222222222,14.317460317460318,0.43096034400382227,5.841269841269841,12.26984126984127,47.60672703751617,1.2063492063492063,3.2222222222222223,37.4384236453202,1.4285714285714286,1.7142857142857142,83.33333333333334,2.142857142857143,5.73015873015873,7.873015873015873,0.8412698412698413,1.507936507936508,0.5578947368421052,0.47619047619047616,2.4603174603174605,0.5252263906856404,0.5496514405498952,106.81251791686573,102.16344959388438,4.64906832298135,3.0317460317460316,200,10.935642618251311
224,Tyson Chandler,DAL,2015,59,64.40677966101694,30.796610169491526,10.40677966101695,0.33791964777105116,4.0,5.932203389830509,67.42857142857143,0.0,0.0,,2.406779661016949,3.2203389830508473,74.73684210526315,3.9322033898305087,7.627118644067797,11.559322033898304,1.152542372881356,1.4067796610169492,0.8192771084337349,0.5932203389830508,1.2203389830508475,0.6742857142857143,0.7080258302583026,108.03186813186812,101.35664835164836,6.675219780219763,2.2033898305084745,254,14.742362637362636
225,Mason Plumlee,BKN,2015,61,40.98360655737705,22.704918032786885,10.0,0.4404332129963899,3.9344262295081966,6.688524590163935,58.82352941176471,0.0,0.04918032786885246,0.0,2.1311475409836067,4.295081967213115,49.61832061068702,2.3114754098360657,4.377049180327869,6.688524590163935,0.8852459016393442,1.3770491803278688,0.6428571428571429,0.8524590163934426,0.9016393442622951,0.5882352941176471,0.5828619477144168,102.69129496402877,106.68776978417269,-3.9964748201439164,2.6557377049180326,-129,10.721007194244605
226,Jordan Hill,LAL,2015,57,28.07017543859649,27.57894736842105,12.280701754385966,0.44529262086513993,5.175438596491228,11.140350877192983,46.45669291338583,0.017543859649122806,0.07017543859649122,25.0,1.912280701754386,2.543859649122807,75.17241379310344,2.56140350877193,5.421052631578948,7.982456140350878,1.4210526315789473,1.5087719298245614,0.9418604651162791,0.49122807017543857,0.8245614035087719,0.4653543307086614,0.5008586147681741,100.27609384908054,111.1174381737476,-10.841344324667062,2.4035087719298245,-346,10.597717184527585
227,Deron Williams,BKN,2015,47,44.680851063829785,31.46808510638298,13.085106382978724,0.4158215010141988,4.361702127659575,11.425531914893616,38.17504655493482,1.2553191489361701,3.4680851063829787,36.19631901840491,3.106382978723404,3.8085106382978724,81.56424581005587,0.3617021276595745,2.7872340425531914,3.148936170212766,6.191489361702128,2.3191489361702127,2.669724770642202,0.9787234042553191,0.2553191489361702,0.4366852886405959,0.49938287644536833,104.1843349088454,103.97987846049965,0.20445644834575205,2.25531914893617,-22,10.236529372045915
228,Tarik Black,LAL,2015,43,46.51162790697674,16.46511627906977,4.511627906976744,0.2740112994350282,1.8372093023255813,3.3488372093023258,54.861111111111114,0.0,0.023255813953488372,0.0,0.8372093023255814,1.558139534883721,53.73134328358209,2.0697674418604652,3.0232558139534884,5.093023255813954,0.5813953488372093,0.813953488372093,0.7142857142857143,0.2558139534883721,0.27906976744186046,0.5486111111111112,0.5591422642379525,101.22344632768362,104.15776836158194,-2.934322033898326,2.2093023255813953,-33,8.463559322033898
229,Manu Ginobili,SAS,2015,55,63.63636363636363,23.927272727272726,11.6,0.4848024316109423,3.9454545454545453,9.236363636363636,42.71653543307087,1.4,3.963636363636364,35.321100917431195,2.309090909090909,3.2,72.1590909090909,0.38181818181818183,2.6363636363636362,3.018181818181818,4.490909090909091,2.327272727272727,1.9296875,0.9636363636363636,0.2727272727272727,0.5029527559055118,0.544889314020224,106.11958997722098,97.82839787395594,8.291192103265047,2.0545454545454547,227,11.618754745634014
230,Marco Belinelli,SAS,2015,43,60.46511627906976,22.767441860465116,9.465116279069768,0.4157303370786517,3.3488372093023258,7.744186046511628,43.24324324324324,1.3488372093023255,3.511627906976744,38.41059602649007,1.4186046511627908,1.744186046511628,81.33333333333333,0.4418604651162791,1.8837209302325582,2.3255813953488373,1.7674418604651163,0.9069767441860465,1.9487179487179487,0.5348837209302325,0.06976744186046512,0.5195195195195195,0.5560109289617486,105.63316326530612,105.46040816326527,0.17275510204085265,1.4186046511627908,-12,8.030204081632652
231,Trevor Booker,UTA,2015,60,41.66666666666667,18.55,6.866666666666666,0.3701707097933513,2.783333333333333,5.633333333333334,49.40828402366864,0.31666666666666665,0.9666666666666667,32.758620689655174,0.9833333333333333,1.6333333333333333,60.204081632653065,1.65,3.033333333333333,4.683333333333334,0.8666666666666667,1.2333333333333334,0.7027027027027027,0.55,0.4,0.522189349112426,0.540512174643157,102.5685201793722,101.34125560538111,1.2272645739910928,1.75,26,10.064394618834083
232,Andre Drummond,DET,2015,62,37.096774193548384,29.951612903225808,12.951612903225806,0.4324178782983306,5.629032258064516,11.193548387096774,50.28818443804035,0.0,0.016129032258064516,0.0,1.6935483870967742,4.32258064516129,39.17910447761194,5.064516129032258,7.951612903225806,13.016129032258064,0.6129032258064516,1.5161290322580645,0.40425531914893614,0.9193548387096774,1.8064516129032258,0.5028818443804035,0.4945068479653168,103.63367401828943,104.57746100053794,-0.9437869822485112,3.467741935483871,-58,11.97692307692308
233,Kentavious Caldwell-Pope,DET,2015,62,37.096774193548384,30.903225806451612,12.129032258064516,0.3924843423799583,4.5,11.419354838709678,39.40677966101695,1.8548387096774193,5.370967741935484,34.53453453453454,1.2741935483870968,1.8548387096774193,68.69565217391305,0.5806451612903226,2.5,3.0806451612903225,1.1774193548387097,1.1451612903225807,1.028169014084507,1.0806451612903225,0.27419354838709675,0.4752824858757062,0.4956498813604007,104.80713170223842,105.10796460176992,-0.3008328995314997,1.967741935483871,-9,5.999947943779282
234,Tiago Splitter,SAS,2015,38,60.526315789473685,18.94736842105263,7.2368421052631575,0.3819444444444444,2.8684210526315788,5.342105263157895,53.69458128078818,0.0,0.0,,1.5,2.0526315789473686,73.07692307692307,1.631578947368421,2.9210526315789473,4.552631578947368,1.5,0.9736842105263158,1.5405405405405406,0.5789473684210527,0.7631578947368421,0.5369458128078818,0.5793864823866509,107.35518672199167,101.98575380359611,5.36943291839556,2.026315789473684,60,10.857814661134162
235,Kyle Lowry,TOR,2015,60,61.66666666666667,34.85,18.083333333333332,0.5188904830224773,6.3,15.266666666666667,41.26637554585153,1.7666666666666666,5.483333333333333,32.21884498480243,3.716666666666667,4.633333333333334,80.2158273381295,0.7833333333333333,3.7333333333333334,4.516666666666667,6.933333333333334,2.4833333333333334,2.791946308724832,1.4833333333333334,0.18333333333333332,0.4705240174672489,0.5224786193081131,109.72367288378767,105.52410329985655,4.1995695839311225,3.0166666666666666,181,12.348302247728357
236,Jordan Clarkson,LAL,2015,40,15.0,20.825,9.4,0.45138055222088835,3.55,8.1,43.82716049382716,0.55,1.75,31.428571428571427,1.75,2.15,81.3953488372093,0.725,1.725,2.45,2.325,1.2,1.9375,0.675,0.15,0.4722222222222222,0.5195666592969268,99.64354066985649,108.89138755980862,-9.247846889952129,1.45,-158,9.737200956937798
237,Ed Davis,LAL,2015,62,25.806451612903224,24.080645161290324,8.338709677419354,0.3462826523777629,3.5806451612903225,5.887096774193548,60.82191780821918,0.0,0.0,,1.1774193548387097,2.3225806451612905,50.69444444444444,2.9193548387096775,4.516129032258065,7.435483870967742,1.2258064516129032,0.6774193548387096,1.8095238095238095,0.5967741935483871,1.3064516129032258,0.6082191780821918,0.6034643757587076,102.5135026737968,108.10100267379681,-5.58750000000002,2.5483870967741935,-179,11.961564171123003
238,Amar'e Stoudemire,DAL,2015,43,25.581395348837212,22.906976744186046,11.813953488372093,0.515736040609137,4.604651162790698,8.325581395348838,55.3072625698324,0.0,0.06976744186046512,0.0,2.604651162790698,3.4651162790697674,75.16778523489933,2.0697674418604652,4.209302325581396,6.27906976744186,0.9302325581395349,1.627906976744186,0.5714285714285714,0.5813953488372093,0.813953488372093,0.553072625698324,0.599678912078572,103.07742914979755,105.91406882591096,-2.836639676113407,2.953488372093023,-46,13.065688259109312
239,Aron Baynes,SAS,2015,56,64.28571428571429,15.946428571428571,6.375,0.3997760358342665,2.5357142857142856,4.660714285714286,54.406130268199234,0.017857142857142856,0.07142857142857142,25.0,1.2857142857142858,1.5178571428571428,84.70588235294117,1.5178571428571428,3.017857142857143,4.535714285714286,0.5178571428571429,1.0357142857142858,0.5,0.19642857142857142,0.26785714285714285,0.5459770114942529,0.5981903485254693,103.70212290502795,97.30525139664805,6.396871508379903,2.4285714285714284,96,10.16949720670391
240,Channing Frye,ORL,2015,63,33.33333333333333,26.650793650793652,7.7936507936507935,0.29243597379392494,2.7142857142857144,6.888888888888889,39.40092165898618,1.9523809523809523,4.968253968253968,39.29712460063898,0.4126984126984127,0.47619047619047616,86.66666666666667,0.3492063492063492,3.8253968253968256,4.174603174603175,1.3333333333333333,1.1428571428571428,1.1666666666666667,0.6825396825396826,0.5873015873015873,0.5357142857142857,0.5489713774597496,100.8456547619048,107.92857142857139,-7.082916666666591,2.746031746031746,-241,5.956964285714285
241,Andrew Nicholson,ORL,2015,25,40.0,10.52,4.32,0.41064638783269963,1.84,4.4,41.81818181818181,0.32,0.8,40.0,0.32,0.56,57.14285714285714,0.32,1.36,1.68,0.44,0.44,1.0,0.12,0.24,0.45454545454545453,0.46487603305785125,93.58830188679245,102.09094339622641,-8.502641509433957,0.88,-38,8.56
242,Wayne Ellington,LAL,2015,53,26.41509433962264,24.90566037735849,9.69811320754717,0.3893939393939394,3.792452830188679,8.830188679245284,42.94871794871795,1.2452830188679245,3.452830188679245,36.0655737704918,0.8679245283018868,1.0566037735849056,82.14285714285714,0.4716981132075472,2.811320754716981,3.2830188679245285,1.5471698113207548,0.6981132075471698,2.2162162162162162,0.5094339622641509,0.03773584905660377,0.5,0.5216791165962975,101.05529500756428,104.72904689863844,-3.6737518910741613,1.2264150943396226,-85,9.047730711043874
243,Raymond Felton,DAL,2015,17,52.94117647058824,7.0,2.2941176470588234,0.3277310924369748,0.8823529411764706,2.764705882352941,31.914893617021278,0.17647058823529413,0.7058823529411765,25.0,0.35294117647058826,0.35294117647058826,100.0,0.0,0.47058823529411764,0.47058823529411764,1.2352941176470589,0.29411764705882354,4.2,0.29411764705882354,0.11764705882352941,0.35106382978723405,0.3928283642224013,86.93361344537813,103.82436974789917,-16.89075630252104,0.35294117647058826,-41,3.5521008403361334
244,Caron Butler,DET,2015,58,36.206896551724135,21.051724137931036,5.568965517241379,0.26453726453726456,1.9827586206896552,5.189655172413793,38.205980066445186,0.8793103448275862,2.7758620689655173,31.67701863354037,0.7241379310344828,0.8103448275862069,89.36170212765957,0.3448275862068966,2.4482758620689653,2.793103448275862,0.9827586206896551,0.6206896551724138,1.5833333333333333,0.5689655172413793,0.05172413793103448,0.46677740863787376,0.5020517284257647,98.91323529411767,101.98390522875818,-3.070669934640506,1.6724137931034482,-66,5.757026143790849
245,Richard Jefferson,DAL,2015,59,64.40677966101694,16.915254237288135,5.52542372881356,0.32665330661322645,1.88135593220339,4.237288135593221,44.4,0.864406779661017,2.0508474576271185,42.14876033057851,0.8983050847457628,1.4067796610169492,63.85542168674698,0.3728813559322034,2.2542372881355934,2.6271186440677967,0.8135593220338984,0.6779661016949152,1.2,0.4067796610169492,0.1864406779661017,0.546,0.5688957140862767,103.52777222777227,101.64435564435564,1.8834165834166328,1.4576271186440677,4,7.264235764235763
246,Kyle O'Quinn,ORL,2015,44,31.818181818181817,16.704545454545453,5.863636363636363,0.3510204081632653,2.3636363636363638,4.7727272727272725,49.523809523809526,0.25,0.8863636363636364,28.205128205128204,0.8863636363636364,1.1590909090909092,76.47058823529412,0.75,3.2045454545454546,3.9545454545454546,1.25,1.1136363636363635,1.1224489795918366,0.6363636363636364,0.8863636363636364,0.5214285714285715,0.554981930820857,95.85013586956522,101.80774456521738,-5.957608695652155,2.227272727272727,-102,9.948505434782607
247,Joe Ingles,UTA,2015,59,40.67796610169492,20.661016949152543,4.169491525423729,0.2018047579983593,1.5423728813559323,3.864406779661017,39.91228070175439,0.711864406779661,2.2711864406779663,31.343283582089555,0.3728813559322034,0.5084745762711864,73.33333333333333,0.23728813559322035,2.016949152542373,2.2542372881355934,2.457627118644068,1.1355932203389831,2.1641791044776117,0.9152542372881356,0.13559322033898305,0.49122807017543857,0.509950248756219,100.10629084967319,103.03978758169936,-2.933496732026171,1.5254237288135593,-53,6.878676470588234
248,Shawne Williams,DET,2015,49,38.775510204081634,19.775510204081634,6.3061224489795915,0.3188854489164087,2.2448979591836733,5.3061224489795915,42.30769230769231,1.2244897959183674,3.2653061224489797,37.5,0.5918367346938775,0.6938775510204082,85.29411764705883,0.5918367346938775,2.36734693877551,2.9591836734693877,0.7959183673469388,0.4897959183673469,1.625,0.4489795918367347,0.3469387755102041,0.5384615384615384,0.5618999127145767,102.74340206185568,107.26494845360824,-4.521546391752565,2.510204081632653,-80,5.861649484536082
249,Boris Diaw,SAS,2015,61,63.934426229508205,24.24590163934426,8.0,0.3299526707234618,3.2459016393442623,7.245901639344262,44.79638009049774,0.6721311475409836,2.098360655737705,32.03125,0.8360655737704918,1.1475409836065573,72.85714285714285,0.8852459016393442,3.3442622950819674,4.229508196721311,2.8852459016393444,1.5245901639344261,1.89247311827957,0.5081967213114754,0.3114754098360656,0.49434389140271495,0.5160744500846024,103.41471978392981,99.91255908170153,3.502160702228281,1.8524590163934427,104,9.226266036461851
250,Aaron Gordon,ORL,2015,29,34.48275862068966,15.344827586206897,5.172413793103448,0.33707865168539325,1.9655172413793103,3.7586206896551726,52.293577981651374,0.3103448275862069,0.7931034482758621,39.130434782608695,0.9310344827586207,1.4482758620689655,64.28571428571429,0.6896551724137931,2.2758620689655173,2.9655172413793105,0.6206896551724138,0.9310344827586207,0.6666666666666666,0.3103448275862069,0.41379310344827586,0.5642201834862385,0.5883275807969878,99.26935123042507,107.35838926174497,-8.089038031319902,1.5862068965517242,-97,7.877628635346757
251,Matt Bonner,SAS,2015,54,62.96296296296296,14.12962962962963,4.111111111111111,0.290956749672346,1.462962962962963,3.7222222222222223,39.30348258706468,0.7037037037037037,2.0,35.18518518518518,0.48148148148148145,0.5740740740740741,83.87096774193549,0.4444444444444444,1.2407407407407407,1.6851851851851851,0.7407407407407407,0.18518518518518517,4.0,0.16666666666666666,0.2037037037037037,0.48756218905472637,0.5171449869549013,104.71398692810455,101.03816993464054,3.675816993464011,1.0185185185185186,66,5.600784313725491
252,Anthony Tolliver,DET,2015,56,48.214285714285715,16.160714285714285,5.625,0.34806629834254144,1.8392857142857142,4.392857142857143,41.86991869918699,1.2142857142857142,3.3035714285714284,36.75675675675676,0.7321428571428571,0.9464285714285714,77.35849056603774,0.5892857142857143,2.142857142857143,2.732142857142857,0.625,0.6607142857142857,0.9459459459459459,0.2857142857142857,0.19642857142857142,0.556910569105691,0.5848061785236893,104.54492273730688,102.98642384105963,1.5584988962472437,1.6071428571428572,24,6.5933774834437076
253,Jeff Ayres,SAS,2015,36,58.333333333333336,7.861111111111111,2.5555555555555554,0.3250883392226148,1.0,1.7777777777777777,56.25,0.0,0.0,,0.5555555555555556,0.6944444444444444,80.0,0.6388888888888888,1.5555555555555556,2.1944444444444446,0.3055555555555556,0.4166666666666667,0.7333333333333333,0.19444444444444445,0.19444444444444445,0.5625,0.6133333333333333,99.35915492957747,106.37218309859153,-7.0130281690140635,1.2222222222222223,-26,9.577816901408452
254,Tayshaun Prince,DET,2015,41,48.78048780487805,23.975609756097562,7.414634146341464,0.30925737538148523,3.0,6.7560975609756095,44.4043321299639,0.5365853658536586,1.170731707317073,45.83333333333333,0.8780487804878049,1.0975609756097562,80.0,0.8536585365853658,2.5121951219512195,3.3658536585365852,1.4634146341463414,0.5609756097560976,2.608695652173913,0.4634146341463415,0.2682926829268293,0.48375451263537905,0.5121293800539083,102.94375634517769,103.50426395939085,-0.5605076142131651,0.926829268292683,-23,8.48467005076142
255,Cory Joseph,SAS,2015,59,62.71186440677966,20.74576271186441,7.762711864406779,0.3741830065359477,3.0,5.915254237288136,50.71633237822349,0.22033898305084745,0.6271186440677966,35.13513513513514,1.5423728813559323,2.0677966101694913,74.59016393442623,0.6440677966101694,1.8983050847457628,2.542372881355932,2.542372881355932,0.9491525423728814,2.6785714285714284,0.5932203389830508,0.2711864406779661,0.5257879656160458,0.5686897784841561,103.75685154975528,98.04192495921694,5.71492659053834,1.4915254237288136,129,10.314274061990211
256,Nick Collison,OKC,2015,56,55.35714285714286,16.428571428571427,4.035714285714286,0.24565217391304348,1.5714285714285714,3.8214285714285716,41.1214953271028,0.23214285714285715,0.9464285714285714,24.528301886792452,0.6607142857142857,0.9464285714285714,69.81132075471697,1.3928571428571428,2.392857142857143,3.7857142857142856,1.3035714285714286,0.7142857142857143,1.825,0.5535714285714286,0.35714285714285715,0.441588785046729,0.4761503455250295,100.1270065075922,98.21399132321041,1.9130151843817913,2.2857142857142856,41,7.545878524945771
257,James Young,BOS,2015,27,40.74074074074074,10.962962962962964,3.3333333333333335,0.30405405405405406,1.1481481481481481,3.2962962962962963,34.831460674157306,0.5555555555555556,2.1481481481481484,25.862068965517242,0.48148148148148145,0.8518518518518519,56.52173913043478,0.3333333333333333,1.1481481481481481,1.4814814814814814,0.4074074074074074,0.14814814814814814,2.75,0.2222222222222222,0.07407407407407407,0.43258426966292135,0.45399515738498786,103.62675585284283,104.18361204013381,-0.5568561872909754,0.6296296296296297,4,6.99732441471572
258,Jonas Valanciunas,TOR,2015,62,59.67741935483871,26.43548387096774,12.016129032258064,0.45454545454545453,4.516129032258065,8.064516129032258,56.00000000000001,0.0,0.0,,2.9838709677419355,3.725806451612903,80.08658008658008,2.7096774193548385,5.919354838709677,8.629032258064516,0.3870967741935484,1.3548387096774193,0.2857142857142857,0.41935483870967744,1.1451612903225807,0.56,0.6191410145602021,106.4923357664234,107.11399026763995,-0.621654501216554,2.596774193548387,-25,13.472749391727493
259,Markel Brown,BKN,2015,26,38.46153846153847,12.038461538461538,4.076923076923077,0.33865814696485624,1.4230769230769231,3.8461538461538463,37.0,0.34615384615384615,1.3076923076923077,26.47058823529412,0.8846153846153846,1.0769230769230769,82.14285714285714,0.2692307692307692,1.5,1.7692307692307692,0.6923076923076923,0.6923076923076923,1.0,0.46153846153846156,0.23076923076923078,0.415,0.4718660968660969,102.68853503184712,103.77929936305732,-1.0907643312101953,0.9615384615384616,-3,5.994585987261147
260,Alan Anderson,BKN,2015,61,40.98360655737705,23.983606557377048,7.049180327868853,0.2939166097060834,2.5081967213114753,5.737704918032787,43.714285714285715,1.0,2.901639344262295,34.463276836158194,1.0327868852459017,1.278688524590164,80.76923076923077,0.4918032786885246,2.2950819672131146,2.7868852459016393,1.1147540983606556,0.8360655737704918,1.3333333333333333,0.7540983606557377,0.08196721311475409,0.5242857142857142,0.5594296419650292,99.17157464212681,100.7700749829584,-1.5985003408315919,1.9672131147540983,-80,5.931833674164962
261,Ben Gordon,ORL,2015,51,31.372549019607842,14.07843137254902,6.176470588235294,0.4387186629526462,2.2745098039215685,5.254901960784314,43.28358208955223,0.6274509803921569,1.6862745098039216,37.2093023255814,1.0,1.196078431372549,83.60655737704919,0.11764705882352941,0.9411764705882353,1.0588235294117647,0.8627450980392157,0.9411764705882353,0.9166666666666666,0.27450980392156865,0.0196078431372549,0.4925373134328358,0.5341880341880343,95.98518005540168,104.943351800554,-8.958171745152313,1.0784313725490196,-114,3.1919667590027716
262,Amir Johnson,TOR,2015,60,60.0,26.333333333333332,9.233333333333333,0.35063291139240504,3.966666666666667,6.866666666666666,57.76699029126213,0.23333333333333334,0.5833333333333334,40.0,1.0666666666666667,1.7,62.745098039215684,2.1,3.65,5.75,1.4166666666666667,1.4666666666666666,0.9659090909090909,0.6166666666666667,0.8166666666666667,0.5946601941747572,0.6062861145158466,107.35170454545452,105.48194444444441,1.8697601010101152,3.0833333333333335,53,8.925252525252525
263,Ryan Kelly,LAL,2015,32,18.75,19.90625,4.84375,0.24332810047095763,1.40625,4.71875,29.80132450331126,0.6875,1.90625,36.0655737704918,1.34375,1.6875,79.62962962962963,0.28125,2.5,2.78125,1.0,0.75,1.3333333333333333,0.40625,0.28125,0.3708609271523179,0.4434653238727398,100.63802816901408,106.43004694835682,-5.79201877934274,1.90625,-67,4.100469483568075
264,Tim Duncan,SAS,2015,57,64.91228070175438,29.333333333333332,14.157894736842104,0.4826555023923445,5.578947368421052,11.31578947368421,49.30232558139535,0.017543859649122806,0.07017543859649122,25.0,2.982456140350877,4.157894736842105,71.72995780590718,2.3684210526315788,7.12280701754386,9.491228070175438,2.8596491228070176,1.8421052631578947,1.5523809523809524,0.8596491228070176,1.8421052631578947,0.4937984496124031,0.5385169762972454,104.1651343283582,100.31391044776119,3.8512238805970185,2.245614035087719,136,15.424119402985077
265,Kyle Singler,OKC,2015,63,42.857142857142854,23.19047619047619,6.682539682539683,0.28815879534565364,2.4126984126984126,6.174603174603175,39.0745501285347,1.3333333333333333,3.3492063492063493,39.81042654028436,0.5238095238095238,0.6349206349206349,82.5,0.4444444444444444,2.111111111111111,2.5555555555555554,1.1746031746031746,0.7301587301587301,1.608695652173913,0.5714285714285714,0.2857142857142857,0.4987146529562982,0.5177078209542547,104.56470989761091,106.2432081911263,-1.6784982935153892,1.7936507936507937,-55,5.167508532423208
266,Bojan Bogdanovic,BKN,2015,57,40.35087719298245,22.789473684210527,7.842105263157895,0.3441108545034642,2.807017543859649,6.684210526315789,41.99475065616798,1.0175438596491229,3.1578947368421053,32.22222222222222,1.2105263157894737,1.456140350877193,83.13253012048193,0.7017543859649122,2.0701754385964914,2.7719298245614037,0.7543859649122807,0.9298245614035088,0.8113207547169812,0.40350877192982454,0.10526315789473684,0.49606299212598426,0.5353036980264418,102.86342024539879,107.93918711656443,-5.075766871165641,1.4035087719298245,-135,6.230214723926379
267,Andre Roberson,OKC,2015,55,60.0,19.927272727272726,3.6363636363636362,0.18248175182481752,1.4727272727272727,3.1454545454545455,46.82080924855491,0.3090909090909091,1.2363636363636363,25.0,0.38181818181818183,0.8363636363636363,45.65217391304348,1.0,3.090909090909091,4.090909090909091,1.0909090909090908,0.7090909090909091,1.5384615384615385,0.8363636363636363,0.4909090909090909,0.5173410404624278,0.517491202649555,105.69772313296902,98.70346083788709,6.994262295081924,2.090909090909091,119,6.566120218579235
268,Dion Waiters,OKC,2015,61,59.01639344262295,25.80327868852459,10.754098360655737,0.4167725540025413,4.327868852459017,11.065573770491802,39.111111111111114,0.7704918032786885,2.8852459016393444,26.704545454545453,1.3278688524590163,1.8524590163934427,71.68141592920354,0.4098360655737705,1.7540983606557377,2.1639344262295084,1.9180327868852458,1.4098360655737705,1.3604651162790697,1.1967213114754098,0.2786885245901639,0.42592592592592593,0.4525885859366376,102.85627376425857,102.71704689480352,0.13922686945505802,1.901639344262295,7,5.80893536121673
269,Dante Exum,UTA,2015,62,41.935483870967744,20.741935483870968,4.661290322580645,0.22472783825816486,1.6935483870967742,4.774193548387097,35.47297297297297,0.9516129032258065,2.967741935483871,32.065217391304344,0.3225806451612903,0.5,64.51612903225806,0.3225806451612903,1.2903225806451613,1.6129032258064515,2.2903225806451615,1.1935483870967742,1.9189189189189189,0.5,0.16129032258064516,0.4543918918918919,0.46667097274253977,102.12234290147398,99.9918541505043,2.1304887509696897,1.7258064516129032,63,4.043522110162918
270,Kawhi Leonard,SAS,2015,44,68.18181818181817,31.772727272727273,15.477272727272727,0.4871244635193133,5.704545454545454,12.568181818181818,45.388788426763114,1.0,3.2045454545454546,31.20567375886525,3.0681818181818183,3.909090909090909,78.48837209302324,1.4545454545454546,5.931818181818182,7.386363636363637,2.4318181818181817,1.5,1.621212121212121,2.090909090909091,0.7954545454545454,0.4936708860759494,0.5416109944645924,106.21042857142861,98.2077142857143,8.002714285714305,2.0,209,14.053499999999998
271,Patty Mills,SAS,2015,31,67.74193548387096,17.516129032258064,8.290322580645162,0.4732965009208103,3.0,7.548387096774194,39.743589743589745,1.4193548387096775,4.0,35.483870967741936,0.8709677419354839,1.0,87.09677419354838,0.5161290322580645,1.2580645161290323,1.7741935483870968,1.3870967741935485,0.7096774193548387,1.9545454545454546,0.5483870967741935,0.06451612903225806,0.49145299145299143,0.5188984009045389,105.25431192660552,93.7840366972477,11.470275229357824,1.2903225806451613,126,8.483119266055045
272,Maurice Harkless,ORL,2015,31,22.58064516129032,14.387096774193548,3.4838709677419355,0.242152466367713,1.3548387096774193,3.2903225806451615,41.17647058823529,0.22580645161290322,1.2580645161290323,17.94871794871795,0.5483870967741935,0.8709677419354839,62.96296296296296,0.6451612903225806,1.5161290322580645,2.161290322580645,0.7096774193548387,0.5806451612903226,1.2222222222222223,0.6774193548387096,0.22580645161290322,0.44607843137254904,0.4741833508956797,98.2904017857143,100.19843749999998,-1.9080357142856883,1.5161290322580645,-28,5.577232142857142
273,Derrick Favors,UTA,2015,58,43.103448275862064,31.362068965517242,16.17241379310345,0.5156679494227597,6.586206896551724,12.206896551724139,53.954802259887,0.0,0.017241379310344827,0.0,3.0,4.517241379310345,66.41221374045801,2.6724137931034484,5.568965517241379,8.241379310344827,1.5689655172413792,1.5862068965517242,0.9891304347826086,0.8275862068965517,1.6379310344827587,0.53954802259887,0.5696725293946167,105.64593852908891,105.07008781558727,0.5758507135016373,2.7241379310344827,15,13.921514818880347
274,Jodie Meeks,DET,2015,40,50.0,24.475,11.5,0.4698672114402451,3.825,9.5,40.26315789473684,1.175,3.675,31.97278911564626,2.675,2.875,93.04347826086956,0.225,1.45,1.675,1.45,0.975,1.4871794871794872,1.0,0.075,0.4644736842105263,0.5341384115188109,102.07199592668024,105.66486761710799,-3.5928716904277422,1.425,-53,8.789613034623217
275,Patrick Patterson,TOR,2015,62,61.29032258064516,26.532258064516128,8.306451612903226,0.3130699088145897,3.096774193548387,6.709677419354839,46.15384615384615,1.3709677419354838,3.5,39.1705069124424,0.7419354838709677,0.9354838709677419,79.3103448275862,1.6612903225806452,3.7096774193548385,5.370967741935484,1.7580645161290323,0.6129032258064516,2.8684210526315788,0.7096774193548387,0.5161290322580645,0.5637019230769231,0.5832125385033521,110.85671732522798,104.8229179331307,6.033799392097279,1.7741935483870968,208,10.583768996960485
276,Tobias Harris,ORL,2015,54,31.48148148148148,34.7037037037037,16.90740740740741,0.4871931696905016,6.388888888888889,13.851851851851851,46.12299465240642,1.1851851851851851,3.240740740740741,36.57142857142857,2.9444444444444446,3.7222222222222223,79.1044776119403,1.0555555555555556,5.333333333333333,6.388888888888889,1.962962962962963,1.7592592592592593,1.1157894736842104,1.0185185185185186,0.5740740740740741,0.5040106951871658,0.5457653866386112,101.91087999999999,107.87888,-5.9680000000000035,2.1296296296296298,-239,11.286933333333335
277,Carlos Boozer,LAL,2015,60,26.666666666666668,24.583333333333332,12.466666666666667,0.5071186440677966,5.516666666666667,10.766666666666667,51.23839009287926,0.0,0.0,,1.4333333333333333,2.3333333333333335,61.42857142857143,1.5833333333333333,5.383333333333334,6.966666666666667,1.3,1.2333333333333334,1.054054054054054,0.6,0.16666666666666666,0.5123839009287926,0.5285472018089316,102.19932341001353,110.44830852503385,-8.248985115020318,2.6166666666666667,-252,12.271109607577802
278,Russell Westbrook,OKC,2015,48,62.5,33.416666666666664,27.416666666666668,0.8204488778054863,9.270833333333334,21.375,43.372319688109165,1.0208333333333333,3.5833333333333335,28.488372093023255,7.854166666666667,9.375,83.77777777777777,1.9583333333333333,5.104166666666667,7.0625,8.333333333333334,4.020833333333333,2.0725388601036268,2.1041666666666665,0.16666666666666666,0.45760233918128657,0.5375816993464052,110.30981976382849,104.48931013051585,5.820509633312639,2.5208333333333335,203,19.050466128029832
279,Tony Parker,SAS,2015,48,66.66666666666666,28.875,14.479166666666666,0.5014430014430015,5.833333333333333,12.375,47.13804713804714,0.6875,1.4375,47.82608695652174,2.125,2.6041666666666665,81.6,0.25,1.6666666666666667,1.9166666666666667,4.791666666666667,2.2708333333333335,2.110091743119266,0.6458333333333334,0.041666666666666664,0.49915824915824913,0.5354391371340523,104.12809798270894,104.02860230547552,0.09949567723342057,1.5416666666666667,8,9.85136887608069
280,Reggie Jackson,DET,2015,57,49.122807017543856,28.54385964912281,13.350877192982455,0.4677320221266134,5.175438596491228,12.24561403508772,42.26361031518625,0.8947368421052632,3.210526315789474,27.86885245901639,2.1052631578947367,2.4035087719298245,87.59124087591242,0.6491228070175439,3.508771929824561,4.157894736842105,4.649122807017544,1.9649122807017543,2.3660714285714284,0.8596491228070176,0.12280701754385964,0.45916905444126077,0.5017935327319724,103.31227747084098,102.968262737876,0.344014732964979,2.0,28,12.423818293431557
281,Monta Ellis,DAL,2015,65,63.07692307692307,33.76923076923077,19.215384615384615,0.5690205011389522,7.569230769230769,17.06153846153846,44.36429215509468,1.1846153846153846,3.7384615384615385,31.68724279835391,2.8923076923076922,3.769230769230769,76.73469387755102,0.47692307692307695,1.8923076923076922,2.3692307692307693,4.323076923076923,2.4615384615384617,1.75625,1.9538461538461538,0.3230769230769231,0.4783588818755636,0.5132314266929652,108.56354119253528,103.70896677287209,4.854574419663194,2.4615384615384617,209,10.236140191169778
282,Lou Williams,TOR,2015,62,61.29032258064516,24.693548387096776,15.225806451612904,0.6165904637491836,4.5,11.258064516129032,39.97134670487106,1.8387096774193548,5.467741935483871,33.6283185840708,4.387096774193548,5.064516129032258,86.62420382165605,0.2903225806451613,1.564516129032258,1.8548387096774193,1.935483870967742,1.2258064516129032,1.5789473684210527,1.1774193548387097,0.12903225806451613,0.4813753581661891,0.5644852659778034,111.58073154800786,104.3278249510124,7.252906596995459,1.3548387096774193,249,11.147942521227957
283,Greivis Vasquez,TOR,2015,63,60.317460317460316,22.96825396825397,9.333333333333334,0.4063579820317899,3.5714285714285716,8.80952380952381,40.54054054054054,1.507936507936508,4.126984126984127,36.53846153846153,0.6825396825396826,0.9365079365079365,72.88135593220339,0.2857142857142857,2.3333333333333335,2.619047619047619,3.6666666666666665,1.380952380952381,2.6551724137931036,0.5396825396825397,0.12698412698412698,0.49099099099099097,0.5060589369319747,106.42855172413792,104.96282758620687,1.4657241379310477,2.111111111111111,47,8.68186206896552
284,Chandler Parsons,DAL,2015,55,65.45454545454545,33.09090909090909,15.327272727272728,0.4631868131868132,5.636363636363637,12.50909090909091,45.05813953488372,1.981818181818182,5.327272727272727,37.20136518771331,2.0727272727272728,2.8363636363636364,73.07692307692307,1.0545454545454545,3.8,4.8545454545454545,2.381818181818182,1.3272727272727274,1.7945205479452055,1.0363636363636364,0.2909090909090909,0.529796511627907,0.5570680905053923,110.36244517543855,104.38766447368424,5.974780701754312,2.018181818181818,235,9.911567982456138
285,Greg Monroe,DET,2015,60,38.333333333333336,30.933333333333334,15.75,0.5091594827586207,6.066666666666666,12.266666666666667,49.45652173913043,0.0,0.0,,3.6166666666666667,4.883333333333334,74.06143344709898,3.433333333333333,7.116666666666666,10.55,2.033333333333333,2.2666666666666666,0.8970588235294118,1.0166666666666666,0.4166666666666667,0.4945652173913043,0.5462932988022013,102.92212674543498,103.62422126745433,-0.7020945220193511,2.05,-12,15.032330827067668
286,Rudy Gobert,UTA,2015,62,41.935483870967744,23.5,7.274193548387097,0.3095401509951956,2.774193548387097,4.516129032258065,61.42857142857143,0.0,0.03225806451612903,0.0,1.7258064516129032,2.7419354838709675,62.94117647058823,2.806451612903226,5.354838709677419,8.161290322580646,1.1774193548387097,1.2419354838709677,0.948051948051948,0.7096774193548387,2.274193548387097,0.6142857142857143,0.6355693348365276,98.6993844049248,100.15362517099858,-1.4542407660737808,2.1129032258064515,-49,16.16696306429548
287,Elfrid Payton,ORL,2015,64,32.8125,28.578125,7.9375,0.277747402952433,3.28125,7.90625,41.50197628458498,0.0625,0.375,16.666666666666664,1.3125,2.421875,54.19354838709678,1.140625,2.75,3.890625,5.921875,2.390625,2.477124183006536,1.53125,0.171875,0.4189723320158103,0.44235458028561475,101.82545057345712,104.62839978154015,-2.802949208083035,2.34375,-133,7.929164391043147
288,Terrence Ross,TOR,2015,63,60.317460317460316,25.396825396825395,10.031746031746032,0.395,3.8095238095238093,9.301587301587302,40.955631399317404,1.7936507936507937,4.761904761904762,37.666666666666664,0.6190476190476191,0.7777777777777778,79.59183673469387,0.4126984126984127,2.6031746031746033,3.015873015873016,1.0793650793650793,0.873015873015873,1.2363636363636363,0.6507936507936508,0.30158730158730157,0.5059726962457338,0.5201132398446244,110.04650436953807,109.53401997503127,0.5124843945067994,1.6507936507936507,24,6.929213483146067
289,James Johnson,TOR,2015,54,57.407407407407405,20.90740740740741,8.333333333333334,0.3985828166519043,3.611111111111111,6.055555555555555,59.63302752293578,0.18518518518518517,0.7777777777777778,23.809523809523807,0.9259259259259259,1.3518518518518519,68.4931506849315,0.9074074074074074,3.0185185185185186,3.925925925925926,1.4074074074074074,1.1296296296296295,1.2459016393442623,0.8518518518518519,1.1666666666666667,0.6116207951070336,0.6265315214969926,109.70318021201409,102.71333922261479,6.989840989399298,2.259259259259259,136,12.691872791519431
290,Jarrett Jack,BKN,2015,59,38.983050847457626,30.25423728813559,12.254237288135593,0.4050420168067227,4.745762711864407,10.677966101694915,44.44444444444444,0.4576271186440678,1.8644067796610169,24.545454545454547,2.305084745762712,2.6440677966101696,87.17948717948718,0.2711864406779661,2.9322033898305087,3.2033898305084745,4.9491525423728815,2.5762711864406778,1.9210526315789473,1.0677966101694916,0.2033898305084746,0.4658730158730159,0.5174338715218139,98.80117515388919,107.129546726357,-8.328371572467816,2.016949152542373,-281,10.470621152770008
291,Al-Farouq Aminu,DAL,2015,59,64.40677966101694,17.220338983050848,5.508474576271187,0.3198818897637795,2.016949152542373,4.711864406779661,42.805755395683455,0.4745762711864407,1.7457627118644068,27.184466019417474,1.0,1.3220338983050848,75.64102564102564,1.2542372881355932,2.864406779661017,4.11864406779661,0.6779661016949152,0.6949152542372882,0.975609756097561,1.0,0.864406779661017,0.4784172661870504,0.5202996926229508,106.15235756385067,98.22170923379174,7.930648330058929,1.7966101694915255,129,9.367092337917487
292,Brook Lopez,BKN,2015,51,41.17647058823529,27.372549019607842,15.509803921568627,0.5666189111747851,6.333333333333333,13.03921568627451,48.57142857142857,0.0196078431372549,0.17647058823529413,11.11111111111111,2.823529411764706,3.450980392156863,81.81818181818183,2.5098039215686274,4.137254901960785,6.647058823529412,0.6078431372549019,1.607843137254902,0.3780487804878049,0.5294117647058824,1.607843137254902,0.4864661654135338,0.5327029793653358,100.9342632331903,105.6983547925608,-4.764091559370513,3.0392156862745097,-121,11.722389127324748
293,Rajon Rondo,DAL,2015,52,50.0,30.03846153846154,8.942307692307692,0.29769526248399486,4.0576923076923075,9.865384615384615,41.13060428849902,0.4423076923076923,1.3846153846153846,31.944444444444443,0.38461538461538464,1.2115384615384615,31.746031746031743,1.1153846153846154,4.730769230769231,5.846153846153846,8.134615384615385,3.1153846153846154,2.611111111111111,1.4038461538461537,0.11538461538461539,0.4337231968810916,0.42998224589436307,102.1675191815857,101.7096547314578,0.4578644501279001,2.269230769230769,0,10.66182864450128
294,Rodney Hood,UTA,2015,33,48.484848484848484,18.21212121212121,5.818181818181818,0.3194675540765391,1.9090909090909092,5.393939393939394,35.39325842696629,0.9696969696969697,2.878787878787879,33.68421052631579,1.0303030303030303,1.4545454545454546,70.83333333333334,0.18181818181818182,2.0606060606060606,2.242424242424242,1.2424242424242424,0.9090909090909091,1.3666666666666667,0.3939393939393939,0.2727272727272727,0.4438202247191011,0.48212133386902367,100.66755407653912,100.9069883527454,-0.239434276206282,2.272727272727273,-10,4.447920133111482
295,DeMar DeRozan,TOR,2015,42,61.904761904761905,33.857142857142854,18.833333333333332,0.5562587904360057,6.5476190476190474,16.261904761904763,40.26354319180088,0.30952380952380953,1.380952380952381,22.413793103448278,5.428571428571429,6.666666666666667,81.42857142857143,0.5714285714285714,3.642857142857143,4.214285714285714,3.142857142857143,2.142857142857143,1.4666666666666666,1.3571428571428572,0.16666666666666666,0.41215226939970717,0.4905730587943438,107.54409282700423,104.07855133614623,3.4655414908580013,2.0952380952380953,107,9.997960618846694
296,Thaddeus Young,BKN,2015,57,24.561403508771928,31.912280701754387,14.087719298245615,0.44145134689389776,5.9298245614035086,12.807017543859649,46.3013698630137,0.49122807017543857,1.4210526315789473,34.5679012345679,1.736842105263158,2.543859649122807,68.27586206896552,1.543859649122807,3.43859649122807,4.982456140350878,2.543859649122807,1.5087719298245614,1.686046511627907,1.736842105263158,0.3333333333333333,0.4821917808219178,0.5057949105568154,101.65414607358598,108.15403624382205,-6.499890170236071,2.3333333333333335,-233,9.946842394288854
297,J.J. Barea,DAL,2015,64,64.0625,17.75,7.578125,0.4269366197183099,2.9375,6.96875,42.152466367713004,0.75,2.21875,33.80281690140845,0.953125,1.171875,81.33333333333333,0.34375,1.5,1.84375,3.3125,0.921875,3.593220338983051,0.453125,0.015625,0.47533632286995514,0.5062630480167014,107.44184210526316,102.2485087719298,5.1933333333333564,1.34375,108,10.471140350877194
298,Wesley Johnson,LAL,2015,58,25.862068965517242,28.655172413793103,9.655172413793103,0.3369434416365824,3.603448275862069,8.517241379310345,42.30769230769231,1.2586206896551724,3.396551724137931,37.055837563451774,1.1896551724137931,1.4482758620689655,82.14285714285714,0.8103448275862069,3.0344827586206895,3.8448275862068964,1.6724137931034482,1.0344827586206897,1.6166666666666667,0.7586206896551724,0.603448275862069,0.49696356275303644,0.5273466927828838,102.88634996993389,108.89194227300064,-6.005592303066749,2.0517241379310347,-208,7.145941070354782
299,Isaiah Thomas,BOS,2015,56,57.14285714285714,26.017857142857142,16.339285714285715,0.6280027453671929,5.0,11.839285714285714,42.23227752639517,1.8928571428571428,5.0,37.857142857142854,4.446428571428571,5.089285714285714,87.36842105263159,0.5357142857142857,1.8928571428571428,2.4285714285714284,4.017857142857143,2.125,1.8907563025210083,0.9285714285714286,0.08928571428571429,0.502262443438914,0.580289193302892,108.5322381930185,104.85516769336071,3.6770704996577876,2.2857142857142856,113,12.744558521560574
300,Chris Paul,LAC,2015,64,64.0625,34.90625,18.203125,0.5214861235452104,6.765625,14.171875,47.739801543550165,1.515625,4.0625,37.30769230769231,3.15625,3.578125,88.20960698689956,0.6875,4.09375,4.78125,10.15625,2.34375,4.333333333333333,1.8125,0.1875,0.5308710033076075,0.5780146066523776,115.33311021865238,104.75702811244985,10.576082106202534,2.484375,465,16.795626952253453
301,Nikola Mirotic,CHI,2015,65,60.0,18.384615384615383,8.476923076923077,0.4610878661087866,2.523076923076923,6.338461538461538,39.80582524271845,1.0153846153846153,3.1076923076923078,32.67326732673268,2.4153846153846152,3.0615384615384613,78.89447236180904,0.7076923076923077,3.923076923076923,4.630769230769231,1.0307692307692307,0.9076923076923077,1.1355932203389831,0.5692307692307692,0.6,0.47815533980582525,0.5514853070702218,103.83581589958159,101.33807531380755,2.4977405857740393,2.0923076923076924,52,12.439748953974897
302,Jason Smith,NYK,2015,62,19.35483870967742,21.35483870967742,7.919354838709677,0.37084592145015105,3.225806451612903,7.209677419354839,44.742729306487696,0.0967741935483871,0.27419354838709675,35.294117647058826,1.3709677419354838,1.7258064516129032,79.43925233644859,1.2741935483870968,2.5806451612903225,3.8548387096774195,1.564516129032258,1.1451612903225807,1.3661971830985915,0.3870967741935484,0.3870967741935484,0.4541387024608501,0.4968830958549223,98.44111445783136,111.782078313253,-13.340963855421634,2.596774193548387,-332,6.777334337349395
303,Kevin Seraphin,WAS,2015,61,57.377049180327866,15.639344262295081,6.770491803278689,0.4329140461215933,3.0,5.786885245901639,51.84135977337111,0.0,0.01639344262295082,0.0,0.7704918032786885,1.0491803278688525,73.4375,1.2295081967213115,2.377049180327869,3.6065573770491803,0.7540983606557377,1.278688524590164,0.5897435897435898,0.13114754098360656,0.6721311475409836,0.5184135977337111,0.5417672368559134,98.63556485355646,105.14215481171547,-6.506589958159012,2.459016393442623,-139,9.191108786610874
304,Alexey Shved,NYK,2015,34,23.52941176470588,14.970588235294118,8.588235294117647,0.5736738703339882,2.5588235294117645,6.647058823529412,38.49557522123894,0.8823529411764706,2.7941176470588234,31.57894736842105,2.588235294117647,3.088235294117647,83.80952380952381,0.5294117647058824,1.0588235294117647,1.588235294117647,1.9705882352941178,0.8823529411764706,2.2333333333333334,0.5588235294117647,0.029411764705882353,0.45132743362831856,0.5363703159441587,97.34882352941176,106.57941176470585,-9.230588235294093,0.9117647058823529,-100,10.90901960784314
305,Gary Neal,MIN,2015,51,47.05882352941176,22.19607843137255,10.176470588235293,0.4584805653710247,3.5098039215686274,9.411764705882353,37.291666666666664,0.9607843137254902,3.156862745098039,30.434782608695656,2.196078431372549,2.549019607843137,86.15384615384616,0.27450980392156865,2.1176470588235294,2.392156862745098,1.9019607843137254,1.1372549019607843,1.6724137931034482,0.4117647058823529,0.0196078431372549,0.4239583333333333,0.48306031273268796,97.97899382171227,103.97228596646072,-5.993292144748452,1.6470588235294117,-88,7.37413945278023
306,Andrea Bargnani,NYK,2015,13,15.384615384615385,23.76923076923077,12.923076923076923,0.5436893203883495,4.769230769230769,10.384615384615385,45.925925925925924,0.38461538461538464,0.8461538461538461,45.45454545454545,3.0,3.8461538461538463,78.0,1.3076923076923077,3.230769230769231,4.538461538461538,1.5384615384615385,1.2307692307692308,1.25,0.15384615384615385,0.7692307692307693,0.4777777777777778,0.535031847133758,94.29741935483872,111.30516129032256,-17.007741935483836,2.3076923076923075,-104,11.962903225806453
307,Tyreke Evans,NOP,2015,63,53.96825396825397,34.58730158730159,16.793650793650794,0.48554382744378155,6.619047619047619,15.126984126984127,43.75655823714585,0.873015873015873,2.9682539682539684,29.411764705882355,2.6825396825396823,3.8095238095238093,70.41666666666667,1.0634920634920635,4.190476190476191,5.253968253968254,6.476190476190476,3.0793650793650795,2.1030927835051547,1.2222222222222223,0.42857142857142855,0.4664218258132214,0.49971660683922164,109.6242673992674,107.05489926739924,2.56936813186816,2.5238095238095237,118,11.265155677655681
308,Rudy Gay,SAC,2015,58,32.758620689655174,35.39655172413793,20.517241379310345,0.5796395518753045,7.413793103448276,16.29310344827586,45.5026455026455,1.1379310344827587,3.086206896551724,36.87150837988827,4.551724137931035,5.362068965517241,84.88745980707395,1.4827586206896552,4.4655172413793105,5.948275862068965,3.7758620689655173,2.689655172413793,1.4038461538461537,1.0344827586206897,0.5517241379310345,0.48994708994708996,0.5499889077867337,105.98189781021897,108.89484184914846,-2.9129440389294956,2.3275862068965516,-123,13.261654501216544
309,Ty Lawson,DEN,2015,61,37.704918032786885,35.90163934426229,16.0,0.445662100456621,5.557377049180328,12.59016393442623,44.140625,1.0327868852459017,2.901639344262295,35.59322033898305,3.8524590163934427,5.262295081967213,73.20872274143302,0.5737704918032787,2.622950819672131,3.19672131147541,9.754098360655737,2.459016393442623,3.966666666666667,1.278688524590164,0.08196721311475409,0.482421875,0.5367119792354054,106.07311729803743,107.07161113646737,-0.9984938384299369,1.901639344262295,-70,13.014148790506619
310,Ersan Ilyasova,MIL,2015,39,46.15384615384615,19.692307692307693,9.564102564102564,0.4856770833333333,3.8461538461538463,8.23076923076923,46.728971962616825,0.9230769230769231,2.6923076923076925,34.285714285714285,0.9487179487179487,1.4871794871794872,63.793103448275865,1.1794871794871795,2.948717948717949,4.128205128205129,0.7692307692307693,0.8461538461538461,0.9090909090909091,0.5384615384615384,0.28205128205128205,0.5233644859813084,0.538208472815422,103.60506493506495,103.28545454545458,0.3196103896103608,2.41025641025641,-8,9.572987012987008
311,Ben McLemore,SAC,2015,62,33.87096774193548,32.935483870967744,11.919354838709678,0.36190009794319294,4.290322580645161,9.983870967741936,42.972536348949916,1.7419354838709677,4.919354838709677,35.40983606557377,1.596774193548387,1.935483870967742,82.5,0.3870967741935484,2.5161290322580645,2.903225806451613,1.5161290322580645,1.6612903225806452,0.912621359223301,0.7741935483870968,0.25806451612903225,0.5169628432956381,0.5500148853825544,104.81929653150952,105.34049829018076,-0.5212017586712392,2.5806451612903225,-2,6.195359062042015
312,Paul Millsap,ATL,2015,61,80.32786885245902,33.16393442622951,16.868852459016395,0.5086505190311419,6.081967213114754,12.737704918032787,47.74774774774775,1.0491803278688525,2.9508196721311477,35.55555555555556,3.6557377049180326,4.918032786885246,74.33333333333333,1.8360655737704918,6.114754098360656,7.950819672131147,3.0327868852459017,2.3442622950819674,1.2937062937062938,1.7377049180327868,0.8688524590163934,0.5186615186615187,0.566006600660066,111.00345508390917,101.30493583415597,9.698519249753204,2.7049180327868854,399,13.163228035538001
313,Dante Cunningham,NOP,2015,48,56.25,25.4375,5.416666666666667,0.21294021294021295,2.4375,5.395833333333333,45.173745173745175,0.020833333333333332,0.125,16.666666666666664,0.5208333333333334,0.7916666666666666,65.78947368421053,1.1458333333333333,2.5833333333333335,3.7291666666666665,0.75,0.5625,1.3333333333333333,0.7291666666666666,0.5625,0.45366795366795365,0.4714928188016828,105.83587223587222,105.84168714168716,-0.005814905814943927,1.4583333333333333,-24,5.666420966420967
314,Tony Snell,CHI,2015,55,58.18181818181818,18.09090909090909,5.8,0.32060301507537686,2.109090909090909,4.745454545454545,44.44444444444444,1.018181818181818,2.5272727272727273,40.28776978417266,0.5636363636363636,0.6909090909090909,81.57894736842105,0.43636363636363634,1.690909090909091,2.1272727272727274,0.6545454545454545,0.5818181818181818,1.125,0.5272727272727272,0.14545454545454545,0.5517241379310345,0.574319458447357,104.56278836509533,103.03099297893681,1.531795386158521,1.0727272727272728,16,6.8149448345035095
315,Alex Len,PHX,2015,61,52.459016393442624,21.737704918032787,6.475409836065574,0.29788838612368024,2.6557377049180326,5.049180327868853,52.5974025974026,0.01639344262295082,0.04918032786885246,33.33333333333333,1.1475409836065573,1.5901639344262295,72.16494845360825,1.9836065573770492,4.590163934426229,6.573770491803279,0.4098360655737705,1.0491803278688525,0.390625,0.5245901639344263,1.5737704918032787,0.5275974025974026,0.5631915136306604,102.98961625282165,102.85116629044393,0.13844996237772023,3.1311475409836067,-18,8.975319789315273
316,Jason Thompson,SAC,2015,61,34.42622950819672,24.688524590163933,5.655737704918033,0.2290836653386454,2.2950819672131146,5.016393442622951,45.751633986928105,0.0,0.01639344262295082,0.0,1.0655737704918034,1.6721311475409837,63.725490196078425,1.6557377049180328,4.754098360655738,6.409836065573771,0.9180327868852459,1.0819672131147542,0.8484848484848485,0.4262295081967213,0.639344262295082,0.45751633986928103,0.49162106703146374,101.83074884029159,106.08197481776011,-4.251225977468522,3.0491803278688523,-138,6.389330682571238
317,Shelvin Mack,ATL,2015,38,76.31578947368422,13.18421052631579,4.631578947368421,0.35129740518962077,1.763157894736842,4.5,39.1812865497076,0.7105263157894737,2.0789473684210527,34.177215189873415,0.39473684210526316,0.5,78.94736842105263,0.15789473684210525,1.1578947368421053,1.3157894736842106,2.3947368421052633,0.9210526315789473,2.6,0.3684210526315789,0.05263157894736842,0.47076023391812866,0.49063336306868865,99.64554455445545,97.73069306930692,1.9148514851485317,0.5,12,8.673069306930692
318,Brandon Bass,BOS,2015,62,41.935483870967744,22.629032258064516,10.241935483870968,0.45260156806842483,4.096774193548387,8.451612903225806,48.473282442748086,0.11290322580645161,0.3225806451612903,35.0,1.935483870967742,2.4838709677419355,77.92207792207793,1.6612903225806452,3.1451612903225805,4.806451612903226,1.2096774193548387,1.0161290322580645,1.1904761904761905,0.5,0.43548387096774194,0.491412213740458,0.5365350817899148,100.31807829181494,103.07039145907476,-2.752313167259814,1.7258064516129032,-111,11.27928825622776
319,Brandon Knight,PHX,2015,62,53.2258064516129,32.54838709677419,17.20967741935484,0.5287413280475719,6.032258064516129,14.161290322580646,42.59681093394077,2.0161290322580645,5.080645161290323,39.682539682539684,3.129032258064516,3.564516129032258,87.78280542986425,0.45161290322580644,3.4516129032258065,3.903225806451613,5.258064516129032,3.0161290322580645,1.7433155080213905,1.435483870967742,0.16129032258064516,0.4971526195899772,0.5470448299905665,100.99004950495052,102.7988118811881,-1.8087623762375813,1.8225806451612903,-81,13.26430693069307
320,Shane Larkin,NYK,2015,56,19.642857142857142,22.678571428571427,5.732142857142857,0.25275590551181104,2.25,5.321428571428571,42.281879194630875,0.5357142857142857,1.6428571428571428,32.608695652173914,0.6964285714285714,0.875,79.59183673469387,0.32142857142857145,1.6785714285714286,2.0,2.5714285714285716,0.9464285714285714,2.7169811320754715,1.2142857142857142,0.08928571428571429,0.47315436241610737,0.5022530980097634,97.43440691280442,107.34941084053416,-9.915003927729742,2.0,-253,6.894736842105264
321,Nik Stauskas,SAC,2015,56,33.92857142857143,13.910714285714286,3.8035714285714284,0.2734274711168164,1.2678571428571428,3.5714285714285716,35.5,0.5357142857142857,1.8214285714285714,29.411764705882355,0.7321428571428571,0.8392857142857143,87.2340425531915,0.125,0.8392857142857143,0.9642857142857143,0.7321428571428571,0.4642857142857143,1.5769230769230769,0.23214285714285715,0.17857142857142858,0.43,0.48259923871669386,101.29487836107555,110.43905249679896,-9.144174135723418,1.1964285714285714,-126,2.6431498079385403
322,Zaza Pachulia,MIL,2015,54,48.148148148148145,22.555555555555557,7.314814814814815,0.3243021346469622,2.888888888888889,6.814814814814815,42.391304347826086,0.0,0.05555555555555555,0.0,1.537037037037037,1.9444444444444444,79.04761904761905,2.259259259259259,3.925925925925926,6.185185185185185,2.240740740740741,1.7592592592592593,1.2736842105263158,0.9629629629629629,0.2777777777777778,0.42391304347826086,0.47682279092225976,102.82800982800983,96.58083538083538,6.247174447174444,2.314814814814815,155,10.15790335790336
323,Ã–mer AÅŸik,NOP,2015,60,55.00000000000001,26.1,7.183333333333334,0.27522349936143037,2.6666666666666665,5.216666666666667,51.118210862619804,0.0,0.0,,1.85,3.0833333333333335,60.0,3.1333333333333333,6.683333333333334,9.816666666666666,0.8666666666666667,1.3,0.6666666666666666,0.38333333333333336,0.8,0.5111821086261981,0.5463995943204868,104.09477040816326,104.56371173469387,-0.4689413265306115,1.9333333333333333,-34,10.760586734693875
324,Jae Crowder,BOS,2015,63,53.96825396825397,18.047619047619047,6.4603174603174605,0.3579595426561126,2.4603174603174605,5.825396825396825,42.234332425068125,0.746031746031746,2.3492063492063493,31.756756756756754,0.7936507936507936,1.0793650793650793,73.52941176470588,0.873015873015873,2.2063492063492065,3.0793650793650795,1.0158730158730158,0.5396825396825397,1.8823529411764706,0.8412698412698413,0.30158730158730157,0.48637602179836514,0.5126977728509523,106.20974539069357,104.90807726075504,1.301668129938534,1.507936507936508,12,8.228533801580337
325,Chris Andersen,MIA,2015,46,45.65217391304348,19.47826086956522,5.369565217391305,0.27566964285714285,1.934782608695652,3.3260869565217392,58.16993464052288,0.06521739130434782,0.1956521739130435,33.33333333333333,1.434782608695652,2.152173913043478,66.66666666666666,1.173913043478261,3.782608695652174,4.956521739130435,0.717391304347826,0.5434782608695652,1.32,0.5,1.0,0.5915032679738562,0.6283068783068783,101.27079152731328,103.06967670011147,-1.7988851727981938,1.6304347826086956,-18,11.94258639910814
326,Nikola Pekovic,MIN,2015,30,30.0,26.9,12.866666666666667,0.47831474597273854,4.633333333333334,10.833333333333334,42.769230769230774,0.0,0.0,,3.6,4.3,83.72093023255815,2.933333333333333,4.833333333333333,7.766666666666667,0.8666666666666667,1.3666666666666667,0.6341463414634146,0.6333333333333333,0.4,0.4276923076923077,0.5055532271584241,101.90964153275652,105.82101359703336,-3.911372064276833,1.9666666666666666,-51,11.373053152039553
327,Jason Maxiell,CHA,2015,43,41.86046511627907,13.674418604651162,3.4186046511627906,0.25,1.2790697674418605,3.0697674418604652,41.66666666666667,0.0,0.0,,0.8604651162790697,1.3488372093023255,63.793103448275865,1.186046511627907,1.558139534883721,2.744186046511628,0.18604651162790697,0.37209302325581395,0.5,0.27906976744186046,0.813953488372093,0.4166666666666667,0.46660741493143726,95.01377551020407,99.31241496598635,-4.298639455782279,1.4883720930232558,-52,3.7576530612244907
328,Andrew Bogut,GSW,2015,48,85.41666666666666,23.604166666666668,6.1875,0.2621359223300971,2.875,5.208333333333333,55.2,0.0,0.0,,0.4375,0.7916666666666666,55.26315789473685,1.9375,6.145833333333333,8.083333333333334,2.6041666666666665,1.625,1.6025641025641026,0.6458333333333334,1.6875,0.552,0.5567636472705458,110.01284080914685,94.25127528583994,15.761565523306913,2.8125,369,11.600263852242746
329,Michael Carter-Williams,MIL,2015,48,27.083333333333332,33.145833333333336,14.75,0.4450031426775613,5.5625,14.270833333333334,38.97810218978102,0.6875,2.8125,24.444444444444443,2.9375,4.375,67.14285714285714,0.9791666666666666,4.6875,5.666666666666667,7.1875,4.083333333333333,1.760204081632653,1.5,0.3958333333333333,0.4138686131386861,0.4553640339593517,91.4186323713927,99.27139272271015,-7.852760351317443,2.4375,-264,11.844353826850691
330,Elliot Williams,NOP,2015,7,57.14285714285714,8.428571428571429,3.7142857142857144,0.4406779661016949,1.2857142857142858,2.857142857142857,45.0,1.0,1.5714285714285714,63.63636363636363,0.14285714285714285,0.2857142857142857,50.0,0.0,0.7142857142857143,0.7142857142857143,0.7142857142857143,0.5714285714285714,1.25,0.2857142857142857,0.0,0.625,0.6226053639846744,98.86999999999999,89.67,9.199999999999989,0.7142857142857143,6,-4.498333333333333
331,Carl Landry,SAC,2015,55,38.18181818181819,17.0,7.054545454545455,0.41497326203208557,2.690909090909091,5.290909090909091,50.85910652920962,0.0,0.0,,1.6727272727272726,2.018181818181818,82.88288288288288,1.5454545454545454,2.5272727272727273,4.072727272727272,0.41818181818181815,0.8,0.5227272727272727,0.21818181818181817,0.2545454545454545,0.5085910652920962,0.5708568738229755,98.31481876332622,106.80458422174837,-8.489765458422156,1.981818181818182,-170,9.626652452025587
332,Andrew Wiggins,MIN,2015,62,22.58064516129032,35.016129032258064,15.82258064516129,0.45186549976969137,5.919354838709677,13.53225806451613,43.74255065554231,0.5806451612903226,1.7096774193548387,33.9622641509434,3.403225806451613,4.67741935483871,72.75862068965517,1.5,2.806451612903226,4.306451612903226,1.8709677419354838,1.9516129032258065,0.9586776859504132,1.1290322580645162,0.6129032258064516,0.45887961859356374,0.5074487895716946,101.65062068965517,109.07098850574714,-7.420367816091968,2.4516129032258065,-301,7.735080459770115
333,Kirk Hinrich,CHI,2015,53,54.71698113207547,25.867924528301888,6.2075471698113205,0.2399708242159008,2.3207547169811322,6.30188679245283,36.82634730538922,0.9245283018867925,2.830188679245283,32.666666666666664,0.6415094339622641,0.8867924528301887,72.3404255319149,0.3584905660377358,1.5471698113207548,1.9056603773584906,2.3962264150943398,1.2264150943396226,1.9538461538461538,0.7735849056603774,0.20754716981132076,0.4416167664670659,0.4637983534453592,103.4640988372093,101.70385174418607,1.7602470930232386,2.2830188679245285,40,3.8483284883720934
334,T.J. Warren,PHX,2015,24,45.83333333333333,11.083333333333334,4.666666666666667,0.42105263157894735,2.125,4.208333333333333,50.495049504950494,0.16666666666666666,0.5416666666666666,30.76923076923077,0.25,0.3333333333333333,75.0,0.9166666666666666,0.8333333333333334,1.75,0.2916666666666667,0.5,0.5833333333333334,0.2916666666666667,0.08333333333333333,0.5247524752475248,0.5357826253348642,99.49625468164794,103.44456928838952,-3.948314606741576,0.9166666666666666,-25,8.380149812734082
335,JJ Hickson,DEN,2015,56,33.92857142857143,19.053571428571427,7.696428571428571,0.40393626991565135,3.0357142857142856,6.321428571428571,48.0225988700565,0.0,0.03571428571428571,0.0,1.625,2.75,59.09090909090909,1.9464285714285714,4.339285714285714,6.285714285714286,0.8214285714285714,1.3214285714285714,0.6216216216216216,0.42857142857142855,0.5357142857142857,0.480225988700565,0.5109540971168437,98.23956969130026,107.59317118802618,-9.353601496725915,1.8928571428571428,-217,11.09448082319925
336,Jeff Green,MEM,2015,59,52.54237288135594,31.728813559322035,15.322033898305085,0.4829059829059829,5.389830508474576,12.796610169491526,42.11920529801325,1.2203389830508475,3.9322033898305087,31.03448275862069,3.3220338983050848,3.9491525423728815,84.12017167381974,0.8305084745762712,3.3728813559322033,4.203389830508475,1.7627118644067796,1.423728813559322,1.2380952380952381,0.6949152542372882,0.423728813559322,0.4688741721854305,0.5271014087134994,101.19316604378004,104.32237052856384,-3.1292044847837985,1.88135593220339,-91,9.155205552589427
337,Aaron Brooks,CHI,2015,65,60.0,21.046153846153846,10.846153846153847,0.5153508771929824,3.8615384615384616,9.338461538461539,41.35090609555189,1.4153846153846155,3.523076923076923,40.174672489082965,1.7076923076923076,2.0153846153846153,84.7328244274809,0.3230769230769231,1.5076923076923077,1.8307692307692307,2.9076923076923076,1.876923076923077,1.5491803278688525,0.6,0.18461538461538463,0.48929159802306427,0.5303623013962446,107.4101966496723,103.95884923525124,3.4513474144210647,2.3230769230769233,102,1.8798980335032756
338,Lance Stephenson,CHA,2015,48,39.58333333333333,28.270833333333332,8.708333333333334,0.30803242446573326,3.6041666666666665,9.625,37.44588744588744,0.3125,1.9583333333333333,15.957446808510639,1.1875,1.9166666666666667,61.95652173913043,0.7708333333333334,4.395833333333333,5.166666666666667,4.604166666666667,2.2708333333333335,2.0275229357798166,0.6666666666666666,0.16666666666666666,0.3906926406926407,0.4159369527145359,95.46362968405583,102.21550330639234,-6.751873622336504,2.375,-180,8.18626010286554
339,Jonas Jerebko,BOS,2015,55,41.81818181818181,15.690909090909091,5.745454545454545,0.36616454229432216,2.1454545454545455,4.5636363636363635,47.01195219123506,0.7454545454545455,1.8363636363636364,40.5940594059406,0.7090909090909091,0.8545454545454545,82.97872340425532,1.1090909090909091,2.109090909090909,3.2181818181818183,0.9272727272727272,0.5454545454545454,1.7,0.5636363636363636,0.2545454545454545,0.5517928286852589,0.5815665488810365,106.4949132947977,102.13872832369941,4.356184971098287,1.7454545454545454,66,9.202427745664735
340,Randy Foye,DEN,2015,35,28.57142857142857,18.02857142857143,6.485714285714286,0.35974643423137875,2.2285714285714286,6.514285714285714,34.21052631578947,1.3142857142857143,4.057142857142857,32.3943661971831,0.7142857142857143,0.9428571428571428,75.75757575757575,0.08571428571428572,1.0571428571428572,1.1428571428571428,1.9142857142857144,1.0571428571428572,1.8108108108108107,0.45714285714285713,0.22857142857142856,0.44298245614035087,0.46800263895761174,99.647476340694,104.56940063091483,-4.921924290220829,1.8857142857142857,-68,1.7195583596214514
341,Ricky Rubio,MIN,2015,19,36.84210526315789,32.21052631578947,11.0,0.3415032679738562,3.6842105263157894,10.31578947368421,35.714285714285715,0.631578947368421,2.3157894736842106,27.27272727272727,3.0,3.736842105263158,80.28169014084507,0.8421052631578947,5.0,5.842105263157895,9.210526315789474,3.0526315789473686,3.0172413793103448,1.7894736842105263,0.05263157894736842,0.3877551020408163,0.4598662207357859,103.78876221498372,103.00423452768732,0.7845276872964035,2.736842105263158,20,13.319543973941366
342,Kosta Koufos,MEM,2015,62,72.58064516129032,16.516129032258064,4.951612903225806,0.2998046875,2.1129032258064515,4.274193548387097,49.43396226415094,0.0,0.0,,0.7258064516129032,1.1451612903225807,63.38028169014085,1.3709677419354838,3.6451612903225805,5.016129032258065,0.4838709677419355,0.8387096774193549,0.5769230769230769,0.4032258064516129,0.8225806451612904,0.49433962264150944,0.5181609505806103,98.58656280428428,96.08042843232714,2.5061343719571454,1.7580645161290323,40,10.336319376825712
343,Alexis Ajinca,NOP,2015,50,62.0,13.8,6.56,0.4753623188405797,2.68,4.58,58.515283842794766,0.0,0.0,,1.2,1.48,81.08108108108108,1.56,3.12,4.68,0.56,0.94,0.5957446808510638,0.24,0.74,0.5851528384279476,0.6270071876433705,104.26228323699422,104.33338150289018,-0.07109826589595514,2.3,-10,14.429913294797686
344,Luol Deng,MIA,2015,55,45.45454545454545,33.345454545454544,14.49090909090909,0.4345692475463468,5.254545454545455,10.8,48.65319865319865,1.0909090909090908,2.909090909090909,37.5,2.890909090909091,3.8,76.07655502392345,1.4181818181818182,3.6,5.0181818181818185,1.9272727272727272,1.6727272727272726,1.1521739130434783,0.9636363636363636,0.3090909090909091,0.5370370370370371,0.5809376640037319,106.33614589003813,106.62683723462163,-0.2906913445835073,1.509090909090909,20,10.587316276537836
345,Markieff Morris,PHX,2015,65,50.76923076923077,30.892307692307693,15.061538461538461,0.48754980079681276,6.184615384615385,13.36923076923077,46.260069044879174,0.7384615384615385,2.3076923076923075,32.0,1.9538461538461538,2.646153846153846,73.83720930232558,1.2769230769230768,4.569230769230769,5.846153846153846,2.1846153846153844,1.9846153846153847,1.1007751937984496,1.2307692307692308,0.4461538461538462,0.4902186421173763,0.5181648812296227,106.0518647439085,102.52337145698658,3.5284932869219148,2.8923076923076922,143,10.303978120338138
346,Gerald Wallace,BOS,2015,27,48.148148148148145,8.25925925925926,0.8518518518518519,0.1031390134529148,0.2962962962962963,0.8518518518518519,34.78260869565217,0.037037037037037035,0.1111111111111111,33.33333333333333,0.2222222222222222,0.37037037037037035,60.0,0.37037037037037035,1.037037037037037,1.4074074074074074,0.2222222222222222,0.48148148148148145,0.46153846153846156,0.48148148148148145,0.14814814814814814,0.3695652173913043,0.41970802919708033,108.0325892857143,106.73705357142859,1.2955357142857054,0.5555555555555556,4,4.304017857142858
347,Tony Allen,MEM,2015,54,75.92592592592592,25.59259259259259,8.296296296296296,0.32416787264833574,3.462962962962963,7.018518518518518,49.340369393139845,0.1111111111111111,0.4444444444444444,25.0,1.2592592592592593,1.9444444444444444,64.76190476190476,1.5740740740740742,2.5185185185185186,4.092592592592593,1.3703703703703705,1.2962962962962963,1.0571428571428572,2.0,0.48148148148148145,0.5013192612137203,0.5268109125117592,105.04114244396243,96.7368763557484,8.304266088214035,2.814814814814815,192,8.277512653651481
348,Adreian Payne,MIN,2015,12,41.66666666666667,19.75,5.75,0.2911392405063291,2.25,6.083333333333333,36.986301369863014,0.08333333333333333,0.5833333333333334,14.285714285714285,1.1666666666666667,1.8333333333333333,63.63636363636363,1.8333333333333333,3.5833333333333335,5.416666666666667,0.25,1.0833333333333333,0.23076923076923078,0.5,0.4166666666666667,0.3767123287671233,0.41727140783744554,94.86919831223629,106.18101265822784,-11.31181434599155,2.3333333333333335,-51,4.7945147679324895
349,Omri Casspi,SAC,2015,48,33.33333333333333,18.4375,7.208333333333333,0.39096045197740115,2.5208333333333335,5.354166666666667,47.081712062256805,0.1875,0.7708333333333334,24.324324324324326,1.9791666666666667,2.6666666666666665,74.21875,0.8958333333333334,2.8333333333333335,3.7291666666666665,1.2083333333333333,1.1041666666666667,1.0943396226415094,0.3333333333333333,0.14583333333333334,0.4883268482490272,0.5521511553683136,101.31162528216706,108.25620767494357,-6.9445823927765105,1.3958333333333333,-128,9.906094808126412
350,Draymond Green,GSW,2015,62,80.64516129032258,32.225806451612904,11.612903225806452,0.36036036036036034,4.241935483870968,9.693548387096774,43.760399334442596,1.4838709677419355,4.306451612903226,34.45692883895131,1.6451612903225807,2.4838709677419355,66.23376623376623,1.5161290322580645,6.741935483870968,8.258064516129032,3.629032258064516,1.6290322580645162,2.227722772277228,1.6129032258064515,1.4193548387096775,0.5141430948419301,0.5383097075183922,111.71318681318682,96.47147852147855,15.241708291708278,3.2580645161290325,657,11.206943056943063
351,Nene,WAS,2015,56,57.14285714285714,25.285714285714285,11.267857142857142,0.4456214689265537,4.714285714285714,9.0,52.38095238095239,0.017857142857142856,0.08928571428571429,20.0,1.8214285714285714,2.9107142857142856,62.57668711656442,1.1607142857142858,3.8214285714285716,4.982142857142857,2.0,1.7678571428571428,1.1313131313131313,1.0714285714285714,0.3392857142857143,0.5248015873015873,0.5480094490377266,105.6379675370501,98.1557515878617,7.482215949188401,2.7857142857142856,226,10.252787579393086
352,Gorgui Dieng,MIN,2015,62,22.58064516129032,29.06451612903226,9.32258064516129,0.32075471698113206,3.370967741935484,6.854838709677419,49.1764705882353,0.016129032258064516,0.08064516129032258,20.0,2.564516129032258,3.2580645161290325,78.71287128712872,3.225806451612903,5.290322580645161,8.516129032258064,2.0,1.6129032258064515,1.24,0.9193548387096774,1.6129032258064515,0.4929411764705882,0.5623881061726473,100.89728682170542,109.10897009966777,-8.21168327796235,2.5,-303,11.547452934662232
353,John Wall,WAS,2015,64,56.25,35.671875,16.921875,0.4743758212877792,6.359375,14.21875,44.72527472527473,0.78125,2.734375,28.57142857142857,3.421875,4.484375,76.30662020905923,0.515625,3.9375,4.453125,10.046875,3.734375,2.690376569037657,1.828125,0.578125,0.4747252747252747,0.5225421700698653,104.81996497373028,99.57981611208407,5.240148861646205,2.265625,249,14.885157618213665
354,Bismack Biyombo,CHA,2015,44,47.72727272727273,17.136363636363637,4.454545454545454,0.259946949602122,1.5681818181818181,2.7954545454545454,56.09756097560976,0.0,0.0,,1.3181818181818181,2.5454545454545454,51.78571428571429,2.4318181818181817,3.477272727272727,5.909090909090909,0.18181818181818182,0.8636363636363636,0.21052631578947367,0.20454545454545456,1.3181818181818181,0.5609756097560976,0.5688414209426514,98.78745046235142,96.89973579920738,1.8877146631440382,2.022727272727273,25,7.619022457067367
355,Nate Robinson,LAC,2015,35,48.57142857142857,14.342857142857143,5.742857142857143,0.40039840637450197,2.085714285714286,6.257142857142857,33.33333333333333,0.7428571428571429,2.8,26.53061224489796,0.8285714285714286,1.2571428571428571,65.9090909090909,0.45714285714285713,0.8285714285714286,1.2857142857142858,2.3142857142857145,0.6571428571428571,3.5217391304347827,0.4,0.08571428571428572,0.3926940639269406,0.421631146165464,94.18705179282867,102.81474103585656,-8.627689243027888,2.0,-95,6.89003984063745
356,Andre Iguodala,GSW,2015,59,81.35593220338984,27.084745762711865,7.372881355932203,0.27221526908635796,2.8135593220338984,6.101694915254237,46.111111111111114,0.8983050847457628,2.610169491525424,34.41558441558442,0.847457627118644,1.4915254237288136,56.81818181818182,0.6101694915254238,2.8813559322033897,3.4915254237288136,2.8813559322033897,1.1694915254237288,2.463768115942029,1.2203389830508475,0.3050847457627119,0.5347222222222222,0.5454955858747993,107.71980012492193,97.05115552779516,10.668644597126772,1.3389830508474576,351,8.68788257339163
357,Hassan Whiteside,MIA,2015,35,37.142857142857146,22.085714285714285,10.914285714285715,0.49417852522639066,4.714285714285714,7.542857142857143,62.5,0.0,0.0,,1.4857142857142858,2.742857142857143,54.166666666666664,3.057142857142857,6.742857142857143,9.8,0.11428571428571428,1.1428571428571428,0.1,0.5142857142857142,2.3714285714285714,0.625,0.6236938349007314,104.0561448900388,103.30659767141009,0.749547218628706,2.5714285714285716,7,18.39922380336352
358,John Henson,MIL,2015,48,56.25,18.416666666666668,7.375,0.4004524886877828,3.0208333333333335,5.229166666666667,57.76892430278885,0.0,0.0,,1.3333333333333333,2.0625,64.64646464646465,1.625,2.8541666666666665,4.479166666666667,0.875,1.3125,0.6666666666666666,0.4166666666666667,1.875,0.5776892430278885,0.6008962520369364,99.6682074408117,99.10789177001128,0.5603156708004207,2.2916666666666665,-8,11.572942502818488
359,Tyler Zeller,BOS,2015,62,41.935483870967744,20.822580645161292,9.596774193548388,0.4608830364058869,3.8548387096774195,7.129032258064516,54.07239819004525,0.0,0.0,,1.8870967741935485,2.306451612903226,81.81818181818183,1.8387096774193548,3.7580645161290325,5.596774193548387,1.3064516129032258,0.9516129032258065,1.3728813559322033,0.24193548387096775,0.7258064516129032,0.5407239819004525,0.5892022498613642,98.89389489953632,103.04204018547141,-4.148145285935087,2.5483870967741935,-135,11.783616692426582
360,Vince Carter,MEM,2015,47,74.46808510638297,16.04255319148936,5.914893617021277,0.3687002652519894,2.148936170212766,6.361702127659575,33.77926421404682,0.9787234042553191,3.574468085106383,27.380952380952383,0.6382978723404256,0.8297872340425532,76.92307692307693,0.40425531914893614,1.4893617021276595,1.8936170212765957,1.2340425531914894,0.6808510638297872,1.8125,0.7021276595744681,0.2127659574468085,0.41471571906354515,0.43965080971659914,100.98150594451785,101.33461030383093,-0.35310435931307893,1.425531914893617,14,5.997490092470279
361,Lance Thomas,NYK,2015,42,35.714285714285715,22.071428571428573,6.571428571428571,0.2977346278317152,2.6666666666666665,6.857142857142857,38.88888888888889,0.0,0.047619047619047616,0.0,1.2380952380952381,1.6904761904761905,73.23943661971832,1.0952380952380953,2.4047619047619047,3.5,1.1428571428571428,1.119047619047619,1.0212765957446808,0.5476190476190477,0.11904761904761904,0.3888888888888889,0.4322766570605187,95.64207119741103,107.57637540453072,-11.934304207119695,1.4285714285714286,-221,6.018662351672062
362,Jared Dudley,MIL,2015,62,53.2258064516129,24.032258064516128,7.629032258064516,0.3174496644295302,2.8870967741935485,6.112903225806452,47.229551451187334,1.1129032258064515,2.7419354838709675,40.588235294117645,0.7419354838709677,1.0161290322580645,73.01587301587301,0.6774193548387096,2.4193548387096775,3.096774193548387,1.7741935483870968,0.8064516129032258,2.2,0.9354838709677419,0.14516129032258066,0.5633245382585752,0.5814811172305271,102.06112600536194,96.44999999999999,5.611126005361953,1.532258064516129,163,9.206568364611261
363,Harrison Barnes,GSW,2015,62,80.64516129032258,29.306451612903224,10.258064516129032,0.3500275178866263,3.903225806451613,8.096774193548388,48.20717131474104,1.1451612903225807,2.725806451612903,42.01183431952663,1.3064516129032258,1.8548387096774193,70.43478260869566,1.564516129032258,4.193548387096774,5.758064516129032,1.403225806451613,0.8870967741935484,1.5818181818181818,0.6935483870967742,0.1935483870967742,0.5527888446215139,0.5754614549402822,109.47029104887423,97.7940142778693,11.676276771004936,1.7419354838709677,416,8.879791323448654
364,Darrell Arthur,DEN,2015,53,37.735849056603776,17.169811320754718,6.9245283018867925,0.4032967032967033,2.792452830188679,6.754716981132075,41.340782122905026,0.49056603773584906,1.9622641509433962,25.0,0.8490566037735849,1.0754716981132075,78.94736842105263,0.9245283018867925,2.0754716981132075,3.0,0.9433962264150944,0.8490566037735849,1.1111111111111112,0.8490566037735849,0.49056603773584906,0.44972067039106145,0.47901221676934325,98.26396495071195,98.86067907995618,-0.5967141292442335,2.547169811320755,-31,7.289704271631982
365,Tyler Johnson,MIA,2015,16,43.75,19.5625,8.0,0.40894568690095845,2.875,5.625,51.11111111111111,0.875,1.625,53.84615384615385,1.375,1.9375,70.96774193548387,0.4375,1.75,2.1875,1.4375,1.0,1.4375,0.9375,0.3125,0.5888888888888889,0.6175221922037823,99.47261146496814,105.67101910828023,-6.198407643312095,1.25,-38,11.179299363057325
366,Mike Dunleavy,CHI,2015,46,65.21739130434783,28.934782608695652,9.26086956521739,0.32006010518407213,3.239130434782609,7.5,43.188405797101446,1.7391304347826086,4.239130434782608,41.02564102564102,1.0434782608695652,1.2826086956521738,81.35593220338984,0.41304347826086957,3.3260869565217392,3.739130434782609,1.7173913043478262,0.8913043478260869,1.9268292682926829,0.45652173913043476,0.3695652173913043,0.5478260869565217,0.5741858960534829,107.09092953523239,103.11011994002997,3.980809595202416,1.891304347826087,108,7.929985007496252
367,Michael Beasley,MIA,2015,7,42.857142857142854,24.714285714285715,11.0,0.44508670520231214,5.0,11.571428571428571,43.20987654320987,0.42857142857142855,2.0,21.428571428571427,0.5714285714285714,0.8571428571428571,66.66666666666666,0.7142857142857143,3.142857142857143,3.857142857142857,0.7142857142857143,1.5714285714285714,0.45454545454545453,0.8571428571428571,0.2857142857142857,0.4506172839506173,0.4603060736489718,99.79132947976879,100.45895953757224,-0.66763005780345,3.142857142857143,0,6.520231213872831
368,Lorenzo Brown,MIN,2015,9,44.44444444444444,11.555555555555555,2.0,0.17307692307692307,0.6666666666666666,2.0,33.33333333333333,0.2222222222222222,0.4444444444444444,50.0,0.4444444444444444,0.8888888888888888,50.0,0.1111111111111111,1.1111111111111112,1.2222222222222223,1.7777777777777777,0.8888888888888888,2.0,0.3333333333333333,0.0,0.3888888888888889,0.41821561338289964,99.19339622641509,111.0245283018868,-11.831132075471714,1.1111111111111112,-26,4.125471698113207
369,E'Twaun Moore,CHI,2015,43,65.11627906976744,8.651162790697674,2.6511627906976742,0.3064516129032258,1.1162790697674418,2.2790697674418605,48.97959183673469,0.23255813953488372,0.627906976744186,37.03703703703704,0.18604651162790697,0.32558139534883723,57.14285714285714,0.20930232558139536,0.5813953488372093,0.7906976744186046,0.46511627906976744,0.20930232558139536,2.2222222222222223,0.3023255813953488,0.11627906976744186,0.5408163265306123,0.5472350230414746,100.14598930481283,100.93823529411766,-0.7922459893048313,0.5813953488372093,-8,5.548663101604278
370,Courtney Lee,MEM,2015,60,71.66666666666667,31.033333333333335,10.466666666666667,0.3372717508055854,3.8666666666666667,8.333333333333334,46.400000000000006,1.2833333333333334,2.966666666666667,43.258426966292134,1.45,1.6666666666666667,87.0,0.26666666666666666,2.066666666666667,2.3333333333333335,2.1,0.9833333333333333,2.135593220338983,1.0,0.16666666666666666,0.541,0.5772058823529411,106.96146001073537,102.72120236178208,4.240257648953289,1.6666666666666667,177,7.929307568438004
371,Al Horford,ATL,2015,60,78.33333333333333,30.8,15.45,0.5016233766233766,6.833333333333333,12.616666666666667,54.161162483487445,0.16666666666666666,0.5,33.33333333333333,1.6166666666666667,2.066666666666667,78.2258064516129,1.7833333333333334,5.766666666666667,7.55,3.3333333333333335,1.35,2.4691358024691357,0.7833333333333333,1.3666666666666667,0.5482166446499339,0.5711222830104984,108.21867242309767,100.81969778737182,7.39897463572585,1.6166666666666667,261,15.040528872099294
372,Shabazz Napier,MIA,2015,50,46.0,20.1,5.18,0.25771144278606967,1.72,4.48,38.392857142857146,0.86,2.34,36.75213675213676,0.88,1.12,78.57142857142857,0.34,1.92,2.26,2.54,1.62,1.5679012345679013,0.8,0.08,0.4799107142857143,0.5208333333333334,99.98417910447759,102.08587064676615,-2.101691542288563,1.46,-28,8.177213930348259
373,DeJuan Blair,WAS,2015,21,52.38095238095239,5.142857142857143,1.7619047619047619,0.3425925925925926,0.8095238095238095,1.619047619047619,50.0,0.0,0.0,,0.14285714285714285,0.19047619047619047,75.0,0.38095238095238093,1.1904761904761905,1.5714285714285714,0.09523809523809523,0.38095238095238093,0.25,0.09523809523809523,0.0,0.5,0.517337807606264,93.6138888888889,114.98888888888888,-21.374999999999986,1.0952380952380953,-58,4.24537037037037
374,Luke Babbitt,NOP,2015,53,54.71698113207547,13.735849056603774,4.226415094339623,0.3076923076923077,1.490566037735849,3.0754716981132075,48.466257668711656,1.0188679245283019,2.0,50.943396226415096,0.22641509433962265,0.32075471698113206,70.58823529411765,0.20754716981132076,1.7547169811320755,1.9622641509433962,0.37735849056603776,0.39622641509433965,0.9523809523809523,0.2830188679245283,0.18867924528301888,0.6503067484662577,0.656968559361802,100.8388813096862,107.44870395634379,-6.609822646657591,1.0754716981132075,-105,6.965484311050478
375,Spencer Hawes,LAC,2015,55,67.27272727272727,18.90909090909091,6.636363636363637,0.35096153846153844,2.5636363636363635,6.2727272727272725,40.869565217391305,0.8545454545454545,2.6363636363636362,32.41379310344827,0.6545454545454545,1.0545454545454545,62.06896551724138,0.509090909090909,3.418181818181818,3.9272727272727272,1.309090909090909,0.8,1.6363636363636365,0.4,0.9090909090909091,0.47681159420289854,0.4925510093922056,101.94740882917463,104.0429942418426,-2.0955854126679725,2.4909090909090907,-57,7.78349328214971
376,Marcus Smart,BOS,2015,48,43.75,26.083333333333332,7.5625,0.28993610223642174,2.4791666666666665,6.875,36.06060606060606,1.3541666666666667,4.166666666666667,32.5,1.25,1.8541666666666667,67.41573033707866,0.7708333333333334,2.4375,3.2083333333333335,3.3958333333333335,1.3958333333333333,2.4328358208955225,1.3333333333333333,0.1875,0.4590909090909091,0.4916567342073897,104.9525059665871,103.41575178997614,1.5367541766109554,2.6875,-4,6.450835322195707
377,Michael Kidd-Gilchrist,CHA,2015,46,54.347826086956516,27.956521739130434,10.652173913043478,0.3810264385692068,3.9782608695652173,8.5,46.80306905370844,0.0,0.0,,2.6956521739130435,3.9347826086956523,68.50828729281768,1.934782608695652,5.630434782608695,7.565217391304348,1.4782608695652173,1.1956521739130435,1.2363636363636363,0.5217391304347826,0.5434782608695652,0.4680306905370844,0.5205677375488696,101.19759316770188,96.94604037267082,4.25155279503106,2.0434782608695654,87,11.78105590062112
378,Troy Daniels,CHA,2015,39,35.8974358974359,6.9743589743589745,2.6153846153846154,0.375,0.8974358974358975,2.8205128205128207,31.818181818181817,0.6923076923076923,2.2051282051282053,31.3953488372093,0.1282051282051282,0.15384615384615385,83.33333333333334,0.15384615384615385,0.48717948717948717,0.6410256410256411,0.4358974358974359,0.358974358974359,1.2142857142857142,0.07692307692307693,0.0,0.4409090909090909,0.45276988636363635,94.43503649635035,103.78211678832116,-9.347080291970812,0.7692307692307693,-57,2.817518248175183
379,Kyle Korver,ATL,2015,61,80.32786885245902,33.114754098360656,12.491803278688524,0.37722772277227723,4.0,8.114754098360656,49.292929292929294,3.0163934426229506,6.065573770491803,49.72972972972973,1.4754098360655739,1.639344262295082,90.0,0.22950819672131148,3.9672131147540983,4.19672131147541,2.639344262295082,1.4754098360655739,1.788888888888889,0.6885245901639344,0.5245901639344263,0.6787878787878788,0.7068645640074211,112.28052397429559,100.01665842807714,12.263865546218454,1.9180327868852458,521,9.591744933267423
380,Gary Harris,DEN,2015,37,29.72972972972973,12.864864864864865,3.2162162162162162,0.25,1.1081081081081081,4.108108108108108,26.973684210526315,0.3783783783783784,2.027027027027027,18.666666666666668,0.6216216216216216,0.8648648648648649,71.875,0.40540540540540543,0.8108108108108109,1.2162162162162162,0.5675675675675675,0.7567567567567568,0.75,0.7567567567567568,0.13513513513513514,0.3157894736842105,0.3582610789980732,93.51320754716978,100.59098532494761,-7.0777777777778255,1.3243243243243243,-75,3.3371069182389945
381,Jeffery Taylor,CHA,2015,16,50.0,8.875,3.4375,0.3873239436619718,1.1875,2.875,41.30434782608695,0.375,1.0625,35.294117647058826,0.6875,1.25,55.00000000000001,0.375,0.875,1.25,0.5,0.5625,0.8888888888888888,0.3125,0.0625,0.4782608695652174,0.5018248175182483,85.05524475524476,112.3832167832168,-27.327972027972038,0.9375,-80,2.3930069930069924
382,Rasual Butler,WAS,2015,58,51.724137931034484,20.79310344827586,8.258620689655173,0.39718076285240467,3.103448275862069,7.224137931034483,42.959427207637226,1.3103448275862069,3.396551724137931,38.578680203045685,0.7413793103448276,0.9137931034482759,81.13207547169812,0.3793103448275862,2.293103448275862,2.6724137931034484,0.9310344827586207,0.7413793103448276,1.255813953488372,0.3620689655172414,0.3103448275862069,0.5202863961813843,0.5414631940676433,100.94366197183098,102.64399337199667,-1.7003314001656946,1.396551724137931,-45,8.441507870753936
383,Paul Pierce,WAS,2015,59,55.932203389830505,26.76271186440678,12.610169491525424,0.47118429385687144,4.237288135593221,9.423728813559322,44.96402877697842,1.6271186440677967,4.203389830508475,38.70967741935484,2.5084745762711864,3.1864406779661016,78.72340425531915,0.6949152542372882,3.5254237288135593,4.220338983050848,1.9830508474576272,1.4067796610169492,1.4096385542168675,0.6271186440677966,0.3389830508474576,0.5359712230215827,0.5824148296593186,104.3600253004428,98.88380771663502,5.476217583807781,2.288135593220339,172,10.494750158127767
384,Otto Porter Jr.,WAS,2015,58,56.896551724137936,19.120689655172413,5.948275862068965,0.31109107303877365,2.3793103448275863,5.293103448275862,44.951140065146575,0.41379310344827586,1.293103448275862,32.0,0.7758620689655172,1.0344827586206897,75.0,0.8793103448275862,1.9655172413793103,2.8448275862068964,0.9482758620689655,0.6206896551724138,1.5277777777777777,0.5172413793103449,0.4482758620689655,0.48859934853420195,0.5173965206958608,101.53816381638164,103.34401440144013,-1.8058505850584936,1.3275862068965518,-48,8.069126912691267
385,Jameer Nelson,DEN,2015,51,39.21568627450981,22.058823529411764,6.901960784313726,0.3128888888888889,2.6666666666666665,7.215686274509804,36.95652173913043,1.1764705882352942,3.803921568627451,30.927835051546392,0.39215686274509803,0.5882352941176471,66.66666666666666,0.47058823529411764,1.803921568627451,2.2745098039215685,4.254901960784314,1.6470588235294117,2.5833333333333335,0.7647058823529411,0.0784313725490196,0.45108695652173914,0.4616998950682057,104.17121346324183,105.13888396811338,-0.967670504871549,2.1372549019607843,-18,6.775996457041627
386,John Jenkins,ATL,2015,14,71.42857142857143,9.785714285714286,4.071428571428571,0.41605839416058393,1.5714285714285714,3.0714285714285716,51.162790697674424,0.6428571428571429,1.3571428571428572,47.368421052631575,0.2857142857142857,0.2857142857142857,100.0,0.0,1.6428571428571428,1.6428571428571428,0.14285714285714285,0.35714285714285715,0.4,0.14285714285714285,0.0,0.6162790697674418,0.6367292225201072,90.03430656934306,87.6948905109489,2.339416058394164,0.5714285714285714,5,15.070072992700728
387,Marcus Morris Sr.,PHX,2015,65,50.76923076923077,23.353846153846153,10.076923076923077,0.43148880105401843,3.923076923076923,8.830769230769231,44.42508710801394,1.3692307692307693,3.6153846153846154,37.87234042553192,0.8615384615384616,1.3384615384615384,64.36781609195403,0.8615384615384616,3.230769230769231,4.092307692307692,1.3846153846153846,0.8769230769230769,1.5789473684210527,0.7384615384615385,0.2,0.5217770034843205,0.5348859998693408,107.17990807616549,107.93361785948785,-0.753709783322364,2.3692307692307693,-43,8.729152987524627
388,Henry Walker,MIA,2015,9,55.55555555555556,26.88888888888889,8.444444444444445,0.3140495867768595,2.888888888888889,8.777777777777779,32.91139240506329,1.7777777777777777,6.333333333333333,28.07017543859649,0.8888888888888888,1.1111111111111112,80.0,0.0,3.111111111111111,3.111111111111111,0.8888888888888888,0.8888888888888888,1.0,0.5555555555555556,0.4444444444444444,0.43037974683544306,0.45563549160671457,102.31694214876032,101.04380165289257,1.2731404958677501,3.111111111111111,3,3.6078512396694213
389,Cleanthony Early,NYK,2015,27,11.11111111111111,15.88888888888889,4.407407407407407,0.2773892773892774,1.5555555555555556,4.962962962962963,31.343283582089555,0.48148148148148145,1.8888888888888888,25.49019607843137,0.8148148148148148,1.1851851851851851,68.75,0.4444444444444444,1.8148148148148149,2.259259259259259,0.9259259259259259,0.7407407407407407,1.25,0.6296296296296297,0.2962962962962963,0.3619402985074627,0.40180983252296054,91.34149184149183,100.12843822843823,-8.786946386946397,1.2222222222222223,-83,4.988811188811188
390,Nazr Mohammed,CHI,2015,15,46.666666666666664,5.866666666666666,1.5333333333333334,0.26136363636363635,0.7333333333333333,1.4666666666666666,50.0,0.0,0.0,,0.06666666666666667,0.2,33.33333333333333,0.5333333333333333,1.2,1.7333333333333334,0.13333333333333333,0.4,0.3333333333333333,0.2,0.2,0.5,0.49313893653516294,101.42500000000001,94.2181818181818,7.206818181818207,0.7333333333333333,14,7.172727272727274
391,Travis Wear,NYK,2015,44,13.636363636363635,12.363636363636363,3.9545454545454546,0.31985294117647056,1.6818181818181819,4.0227272727272725,41.80790960451977,0.22727272727272727,0.5909090909090909,38.46153846153847,0.36363636363636365,0.45454545454545453,80.0,0.5,1.3636363636363635,1.8636363636363635,0.7272727272727273,0.7272727272727273,1.0,0.2727272727272727,0.20454545454545456,0.4463276836158192,0.4682454251883746,95.21566484517305,99.81074681238611,-4.595081967213062,1.0454545454545454,-53,1.3568306010928946
392,Brandan Wright,PHX,2015,60,51.66666666666667,17.233333333333334,6.816666666666666,0.3955512572533849,2.9166666666666665,4.416666666666667,66.0377358490566,0.0,0.016666666666666666,0.0,0.9833333333333333,1.3333333333333333,73.75,1.6333333333333333,2.1333333333333333,3.7666666666666666,0.5,0.35,1.4285714285714286,0.6166666666666667,1.15,0.660377358490566,0.6812125249833445,107.80801932367149,104.9319806763285,2.8760386473429946,1.4166666666666667,40,13.41555555555556
393,Beno Udrih,MEM,2015,60,75.0,17.916666666666668,7.316666666666666,0.40837209302325583,2.9833333333333334,6.15,48.509485094850945,0.2833333333333333,1.2833333333333334,22.07792207792208,1.0666666666666667,1.25,85.33333333333334,0.18333333333333332,1.5,1.6833333333333333,2.8666666666666667,1.0166666666666666,2.819672131147541,0.6,0.1,0.508130081300813,0.5460199004975125,101.65004642525537,99.7644382544104,1.885608170844975,1.1333333333333333,43,11.636768802228413
394,Earl Barron,PHX,2015,7,28.57142857142857,6.285714285714286,1.2857142857142858,0.20454545454545456,0.42857142857142855,1.4285714285714286,30.0,0.0,0.0,,0.42857142857142855,0.5714285714285714,75.0,0.42857142857142855,0.42857142857142855,0.8571428571428571,0.14285714285714285,0.14285714285714285,1.0,0.2857142857142857,0.0,0.3,0.3826530612244898,86.06136363636364,103.50227272727273,-17.440909090909088,1.5714285714285714,-22,-2.804545454545454
395,Gigi Datome,BOS,2015,7,42.857142857142854,9.714285714285714,5.857142857142857,0.6029411764705882,2.5714285714285716,5.0,51.42857142857142,0.7142857142857143,1.8571428571428572,38.46153846153847,0.0,0.0,,0.2857142857142857,1.5714285714285714,1.8571428571428572,0.2857142857142857,0.42857142857142855,0.6666666666666666,0.14285714285714285,0.2857142857142857,0.5857142857142857,0.5857142857142857,110.23823529411766,97.95735294117647,12.280882352941191,1.0,17,18.150000000000002
396,Gerald Henderson,CHA,2015,60,45.0,28.316666666666666,11.35,0.4008240141259564,4.316666666666666,9.85,43.824027072758035,0.55,1.7166666666666666,32.038834951456316,2.1666666666666665,2.4833333333333334,87.24832214765101,0.45,2.75,3.2,2.65,1.3666666666666667,1.9390243902439024,0.6333333333333333,0.31666666666666665,0.46615905245346867,0.51861216035092,101.46623529411767,99.82970588235294,1.6365294117647267,1.6166666666666667,47,9.370176470588236
397,Marreese Speights,GSW,2015,58,79.3103448275862,16.655172413793103,10.982758620689655,0.6594202898550725,4.396551724137931,8.89655172413793,49.41860465116279,0.034482758620689655,0.20689655172413793,16.666666666666664,2.1551724137931036,2.603448275862069,82.78145695364239,1.5689655172413792,2.9655172413793105,4.5344827586206895,0.9137931034482759,1.1551724137931034,0.7910447761194029,0.20689655172413793,0.4827586206896552,0.49612403100775193,0.5468374424833459,109.5154958677686,101.0929752066116,8.422520661157009,2.706896551724138,162,11.430785123966942
398,Gerald Green,PHX,2015,62,50.0,20.0,11.67741935483871,0.5838709677419355,4.258064516129032,10.483870967741936,40.61538461538461,1.8387096774193548,5.32258064516129,34.54545454545455,1.3225806451612903,1.564516129032258,84.5360824742268,0.5,2.1451612903225805,2.6451612903225805,1.2903225806451613,1.467741935483871,0.8791208791208791,0.6290322580645161,0.1774193548387097,0.4938461538461538,0.5226078420049662,107.45600322320708,106.93875906526995,0.5172441579371281,2.1451612903225805,2,7.571394037066881
399,Chris Johnson,MIL,2015,13,7.6923076923076925,20.307692307692307,6.3076923076923075,0.3106060606060606,2.3076923076923075,6.076923076923077,37.9746835443038,1.2307692307692308,3.923076923076923,31.372549019607842,0.46153846153846156,0.6153846153846154,75.0,0.38461538461538464,2.076923076923077,2.4615384615384617,0.6153846153846154,0.6923076923076923,0.8888888888888888,1.0,0.46153846153846156,0.4810126582278481,0.4968492486669898,96.40416666666665,102.4780303030303,-6.07386363636364,1.6153846153846154,-29,6.200757575757575
400,Leandro Barbosa,GSW,2015,49,81.63265306122449,13.346938775510203,6.673469387755102,0.5,2.63265306122449,5.571428571428571,47.25274725274725,0.5918367346938775,1.5714285714285714,37.66233766233766,0.8163265306122449,1.0612244897959184,76.92307692307693,0.3673469387755102,0.8163265306122449,1.183673469387755,1.1020408163265305,0.6530612244897959,1.6875,0.5510204081632653,0.10204081632653061,0.5256410256410257,0.5525888873867785,99.95159817351595,104.98310502283104,-5.031506849315093,1.3673469387755102,-93,7.858904109589041
401,Doug McDermott,CHI,2015,29,65.51724137931035,9.172413793103448,2.9655172413793105,0.3233082706766917,1.206896551724138,3.103448275862069,38.88888888888889,0.27586206896551724,1.103448275862069,25.0,0.27586206896551724,0.4482758620689655,61.53846153846154,0.1724137931034483,1.103448275862069,1.2758620689655173,0.1724137931034483,0.5172413793103449,0.3333333333333333,0.13793103448275862,0.034482758620689655,0.43333333333333335,0.44922691182615965,94.37265917602996,108.84868913857677,-14.476029962546818,0.7586206896551724,-62,2.473408239700375
402,Noah Vonleh,CHA,2015,13,38.46153846153847,7.769230769230769,2.5384615384615383,0.32673267326732675,0.8461538461538461,2.076923076923077,40.74074074074074,0.07692307692307693,0.38461538461538464,20.0,0.7692307692307693,1.0769230769230769,71.42857142857143,0.6923076923076923,1.3846153846153846,2.076923076923077,0.15384615384615385,0.3076923076923077,0.5,0.15384615384615385,0.38461538461538464,0.42592592592592593,0.4975874547647769,81.4495145631068,96.99126213592233,-15.541747572815524,0.5384615384615384,-34,12.545631067961164
403,Joakim Noah,CHI,2015,54,59.25925925925925,30.90740740740741,7.574074074074074,0.24505692031156381,2.9074074074074074,6.648148148148148,43.73259052924791,0.0,0.037037037037037035,0.0,1.7592592592592593,2.759259259259259,63.758389261744966,3.4814814814814814,6.537037037037037,10.018518518518519,4.37037037037037,1.8518518518518519,2.36,0.6666666666666666,1.2592592592592593,0.4373259052924791,0.4816751460335406,104.39287851585875,101.90017953321362,2.4926989826451376,3.0185185185185186,78,11.2345302214243
404,Mike Muscala,ATL,2015,22,77.27272727272727,8.636363636363637,3.4545454545454546,0.4,1.4545454545454546,2.8636363636363638,50.79365079365079,0.045454545454545456,0.2727272727272727,16.666666666666664,0.5,0.5454545454545454,91.66666666666666,1.2272727272727273,1.0454545454545454,2.272727272727273,0.2727272727272727,0.3181818181818182,0.8571428571428571,0.18181818181818182,0.5,0.5158730158730159,0.5565319273579379,95.64293193717278,101.91413612565445,-6.271204188481676,0.7727272727272727,-24,12.420942408376964
405,Lou Amundson,NYK,2015,33,36.36363636363637,16.696969696969695,4.757575757575758,0.2849364791288566,2.121212121212121,4.363636363636363,48.61111111111111,0.0,0.0,,0.5151515151515151,1.1515151515151516,44.73684210526316,1.5757575757575757,2.757575757575758,4.333333333333333,1.2727272727272727,0.8484848484848485,1.5,0.3333333333333333,0.8181818181818182,0.4861111111111111,0.4884270781483325,99.09620938628159,103.56841155234657,-4.472202166064989,2.4545454545454546,-73,7.688086642599277
406,Hedo Turkoglu,LAC,2015,45,60.0,10.333333333333334,3.0444444444444443,0.2946236559139785,1.1111111111111112,2.533333333333333,43.859649122807014,0.7555555555555555,1.7333333333333334,43.58974358974359,0.06666666666666667,0.08888888888888889,75.0,0.1111111111111111,1.3777777777777778,1.488888888888889,0.5333333333333333,0.4444444444444444,1.2,0.3333333333333333,0.08888888888888889,0.5877192982456141,0.5917415342087077,102.62317596566524,100.06201716738198,2.561158798283259,1.0,13,7.214377682403432
407,Reggie Bullock Jr.,PHX,2015,31,58.06451612903226,9.225806451612904,2.161290322580645,0.23426573426573427,0.7741935483870968,1.8709677419354838,41.37931034482759,0.4838709677419355,1.2903225806451613,37.5,0.12903225806451613,0.16129032258064516,80.0,0.0,1.2903225806451613,1.2903225806451613,0.22580645161290322,0.22580645161290322,1.0,0.2903225806451613,0.12903225806451613,0.5431034482758621,0.5564784053156145,97.61418685121107,95.23771626297575,2.376470588235321,0.5806451612903226,8,8.044290657439445
408,Chase Budinger,MIN,2015,48,12.5,14.5,4.208333333333333,0.29022988505747127,1.5625,4.229166666666667,36.94581280788177,0.5208333333333334,1.5833333333333333,32.89473684210527,0.5625,0.7291666666666666,77.14285714285715,0.3125,2.0208333333333335,2.3333333333333335,0.7291666666666666,0.6875,1.0606060606060606,0.4791666666666667,0.10416666666666667,0.43103448275862066,0.4624542124542124,93.35667144906742,109.02769010043039,-15.67101865136297,0.7708333333333334,-235,5.234289813486371
409,Matt Barnes,LAC,2015,60,63.33333333333333,29.433333333333334,9.65,0.3278595696489241,3.5166666666666666,7.8,45.085470085470085,1.6,4.383333333333334,36.50190114068441,1.0166666666666666,1.3,78.2051282051282,0.6,3.3,3.9,1.4666666666666666,1.1166666666666667,1.3134328358208955,0.8666666666666667,0.6333333333333333,0.5534188034188035,0.5763258480649786,114.2416807670615,103.4138183869148,10.827862380146698,3.0833333333333335,359,6.468809926677946
410,Brian Roberts,CHA,2015,62,45.16129032258064,19.20967741935484,6.693548387096774,0.34844668345927793,2.4838709677419355,6.306451612903226,39.38618925831202,0.8064516129032258,2.6129032258064515,30.864197530864196,0.9193548387096774,1.0161290322580645,90.47619047619048,0.1774193548387097,1.3225806451612903,1.5,2.2903225806451615,0.8064516129032258,2.84,0.3709677419354839,0.0967741935483871,0.4578005115089514,0.49555789071455864,97.39405857740584,100.61648535564854,-3.222426778242692,1.1129032258064515,-70,8.346861924686191
411,Nick Calathes,MEM,2015,40,67.5,13.15,4.25,0.3231939163498099,1.825,4.05,45.06172839506173,0.2,0.75,26.666666666666668,0.4,0.8,50.0,0.15,1.275,1.425,2.475,0.9,2.75,1.2,0.1,0.47530864197530864,0.48273512039981825,97.40512333965845,91.50170777988616,5.903415559772284,1.6,56,11.664516129032258
412,Marcus Thornton,PHX,2015,45,40.0,15.133333333333333,8.022222222222222,0.5301027900146843,2.933333333333333,7.2444444444444445,40.49079754601227,1.1555555555555554,2.9555555555555557,39.097744360902254,1.0,1.2222222222222223,81.81818181818183,0.4666666666666667,1.2666666666666666,1.7333333333333334,0.8,0.5555555555555556,1.44,0.5555555555555556,0.15555555555555556,0.48466257668711654,0.5154197601370646,101.03289473684208,102.05175438596493,-1.0188596491228452,0.8,1,9.913157894736841
413,Cody Zeller,CHA,2015,61,44.26229508196721,24.049180327868854,7.721311475409836,0.3210633946830266,2.819672131147541,6.065573770491803,46.48648648648649,0.01639344262295082,0.01639344262295082,100.0,2.0655737704918034,2.6557377049180326,77.77777777777779,1.5901639344262295,4.245901639344262,5.836065573770492,1.5737704918032787,1.0163934426229508,1.5483870967741935,0.5573770491803278,0.8032786885245902,0.46621621621621623,0.5336747643219725,101.48566576086957,100.15373641304345,1.3319293478261187,2.540983606557377,18,10.027853260869563
414,Khris Middleton,MIL,2015,60,53.333333333333336,28.366666666666667,12.466666666666667,0.4394829612220917,4.766666666666667,10.033333333333333,47.50830564784053,1.3333333333333333,3.1333333333333333,42.5531914893617,1.6,1.8833333333333333,84.95575221238938,0.6,3.95,4.55,2.033333333333333,1.2666666666666666,1.605263157894737,1.55,0.16666666666666666,0.5415282392026578,0.5738660774565765,104.50111436950148,96.35782991202342,8.14328445747806,2.3333333333333335,252,12.347624633431083
415,Evan Turner,BOS,2015,62,41.935483870967744,26.580645161290324,8.709677419354838,0.3276699029126214,3.5,8.596774193548388,40.71294559099437,0.43548387096774194,1.435483870967742,30.337078651685395,1.2741935483870968,1.6451612903225807,77.45098039215686,0.5967741935483871,4.354838709677419,4.951612903225806,4.870967741935484,2.370967741935484,2.054421768707483,0.9193548387096774,0.22580645161290322,0.4324577861163227,0.46722502941787225,99.64554815263473,103.20357359176256,-3.5580254391278316,2.193548387096774,-133,9.971895820714717
416,JaMychal Green,MEM,2015,10,40.0,4.9,1.9,0.3877551020408163,0.8,1.4,57.14285714285714,0.0,0.3,0.0,0.3,0.4,75.0,0.6,0.7,1.3,0.0,0.5,0.0,0.0,0.2,0.5714285714285714,0.6027918781725888,86.86938775510205,88.02857142857142,-1.1591836734693715,1.0,-4,6.924489795918367
417,Mike Scott,ATL,2015,61,78.68852459016394,15.80327868852459,7.60655737704918,0.48132780082987553,2.8852459016393444,6.426229508196721,44.89795918367347,0.9672131147540983,2.6885245901639343,35.97560975609756,0.8688524590163934,1.0819672131147542,80.3030303030303,0.639344262295082,2.1147540983606556,2.7540983606557377,1.0327868852459017,0.5573770491803278,1.8529411764705883,0.29508196721311475,0.04918032786885246,0.5242346938775511,0.5510165304959148,102.20650826446281,99.39834710743803,2.8081611570247844,1.1639344262295082,42,10.220144628099176
418,Eric Bledsoe,PHX,2015,64,51.5625,34.3125,17.078125,0.4977231329690346,5.734375,12.609375,45.47707558859975,1.109375,3.234375,34.29951690821256,4.5,5.5625,80.89887640449437,0.96875,4.46875,5.4375,5.96875,3.359375,1.7767441860465116,1.671875,0.625,0.49876084262701365,0.56712050143207,105.57881818181815,104.35286363636361,1.2259545454545417,2.4375,42,13.34222727272727
419,Derrick Williams,SAC,2015,54,35.18518518518518,17.703703703703702,7.148148148148148,0.40376569037656906,2.5185185185185186,5.592592592592593,45.033112582781456,0.5370370370370371,1.6851851851851851,31.868131868131865,1.5740740740740742,2.2777777777777777,69.10569105691057,0.46296296296296297,2.111111111111111,2.574074074074074,0.5,0.6666666666666666,0.75,0.42592592592592593,0.037037037037037035,0.49834437086092714,0.5419521509603504,100.7528125,111.49114583333333,-10.73833333333333,0.8703703703703703,-231,7.660208333333333
420,Jordan Hamilton,LAC,2015,6,66.66666666666666,9.833333333333334,2.1666666666666665,0.22033898305084745,0.8333333333333334,2.3333333333333335,35.714285714285715,0.5,1.1666666666666667,42.857142857142854,0.0,0.0,,0.16666666666666666,1.1666666666666667,1.3333333333333333,0.3333333333333333,0.5,0.6666666666666666,0.0,0.0,0.4642857142857143,0.4642857142857143,107.99152542372882,91.42203389830509,16.56949152542373,1.5,22,1.0610169491525423
421,Garrett Temple,WAS,2015,52,53.84615384615385,14.115384615384615,3.923076923076923,0.2779291553133515,1.3076923076923077,3.269230769230769,40.0,0.6346153846153846,1.6923076923076923,37.5,0.6730769230769231,0.9230769230769231,72.91666666666666,0.46153846153846156,1.2692307692307692,1.7307692307692308,1.0769230769230769,0.6538461538461539,1.6470588235294117,0.8076923076923077,0.17307692307692307,0.4970588235294118,0.5336961071578066,96.34130434782605,98.18926630434781,-1.8479619565217575,1.4615384615384615,-49,7.446603260869566
422,Phil Pressey,BOS,2015,36,38.88888888888889,10.583333333333334,3.138888888888889,0.29658792650918636,1.1111111111111112,3.0833333333333335,36.03603603603604,0.4166666666666667,1.3333333333333333,31.25,0.5,0.6944444444444444,72.0,0.19444444444444445,1.0833333333333333,1.2777777777777777,1.9444444444444444,0.6111111111111112,3.1818181818181817,0.5555555555555556,0.1111111111111111,0.42792792792792794,0.46311475409836067,99.43272727272728,101.9171428571428,-2.4844155844155296,1.0,-34,9.328311688311688
423,Glen Davis,LAC,2015,57,66.66666666666666,11.719298245614034,3.912280701754386,0.3338323353293413,1.5614035087719298,3.3333333333333335,46.8421052631579,0.0,0.03508771929824561,0.0,0.7894736842105263,1.2982456140350878,60.810810810810814,0.543859649122807,1.7017543859649122,2.245614035087719,0.43859649122807015,0.45614035087719296,0.9615384615384616,0.5789473684210527,0.24561403508771928,0.46842105263157896,0.5009884974838246,97.43660714285711,97.62976190476192,-0.19315476190480751,1.736842105263158,-10,6.002827380952381
424,Archie Goodwin,PHX,2015,24,41.66666666666667,8.708333333333334,4.416666666666667,0.507177033492823,1.4166666666666667,3.5833333333333335,39.53488372093023,0.2916666666666667,0.75,38.88888888888889,1.2916666666666667,1.7083333333333333,75.60975609756098,0.5,0.8333333333333334,1.3333333333333333,0.75,0.75,1.0,0.20833333333333334,0.125,0.436046511627907,0.5094194540561323,93.49619047619046,109.03142857142856,-15.5352380952381,1.0416666666666667,-67,4.2680952380952375
425,Austin Rivers,LAC,2015,59,54.23728813559322,21.050847457627118,7.11864406779661,0.33816425120772947,2.711864406779661,6.796610169491525,39.900249376558605,0.5084745762711864,1.7457627118644068,29.126213592233007,1.1864406779661016,1.694915254237288,70.0,0.4067796610169492,1.5932203389830508,2.0,2.23728813559322,0.8813559322033898,2.5384615384615383,0.6949152542372882,0.1694915254237288,0.43640897755610975,0.47191011235955055,101.54224899598391,103.6898795180723,-2.1476305220883916,1.88135593220339,-69,6.386425702811242
426,Elton Brand,ATL,2015,22,77.27272727272727,13.363636363636363,2.772727272727273,0.20748299319727892,1.2272727272727273,2.727272727272727,45.0,0.0,0.0,,0.3181818181818182,0.6818181818181818,46.666666666666664,1.0454545454545454,2.1818181818181817,3.227272727272727,0.6363636363636364,0.4090909090909091,1.5555555555555556,0.45454545454545453,0.7272727272727273,0.45,0.457957957957958,104.46677966101697,96.01830508474576,8.44847457627121,1.5909090909090908,42,10.274237288135591
427,Dahntay Jones,LAC,2015,18,61.111111111111114,4.388888888888889,0.8888888888888888,0.20253164556962025,0.2222222222222222,0.7777777777777778,28.57142857142857,0.0,0.16666666666666666,0.0,0.4444444444444444,0.5,88.88888888888889,0.05555555555555555,0.2777777777777778,0.3333333333333333,0.1111111111111111,0.05555555555555555,2.0,0.16666666666666666,0.0,0.2857142857142857,0.4454342984409799,90.19382716049384,104.78518518518518,-14.591358024691345,0.8333333333333334,-33,1.2901234567901227
428,C.J. Wilcox,LAC,2015,16,68.75,5.0,2.1875,0.4375,0.875,1.875,46.666666666666664,0.3125,0.875,35.714285714285715,0.125,0.125,100.0,0.0625,0.25,0.3125,0.4375,0.3125,1.4,0.125,0.0,0.55,0.5667098445595855,97.41604938271604,96.04444444444444,1.3716049382716022,0.375,0,14.597530864197529
429,Jerryd Bayless,MIL,2015,62,51.61290322580645,22.177419354838708,8.064516129032258,0.36363636363636365,2.9838709677419355,6.709677419354839,44.47115384615385,0.5,1.4838709677419355,33.69565217391305,1.596774193548387,1.7903225806451613,89.1891891891892,0.24193548387096775,2.338709677419355,2.5806451612903225,3.032258064516129,1.6129032258064515,1.88,0.7903225806451613,0.1774193548387097,0.48197115384615385,0.5378194647620687,102.32238372093023,98.47739825581401,3.844985465116224,2.064516129032258,86,9.823328488372093
430,Justin Holiday,GSW,2015,42,80.95238095238095,9.714285714285714,3.5714285714285716,0.36764705882352944,1.3095238095238095,3.5,37.41496598639456,0.5,1.6666666666666667,30.0,0.4523809523809524,0.5952380952380952,76.0,0.21428571428571427,0.8809523809523809,1.0952380952380953,0.7142857142857143,0.4523809523809524,1.5789473684210527,0.5952380952380952,0.14285714285714285,0.445578231292517,0.47468354430379744,98.81658536585367,97.38853658536586,1.4280487804878135,0.7619047619047619,15,5.692926829268293
431,Marvin Williams,CHA,2015,58,46.55172413793103,24.482758620689655,6.862068965517241,0.2802816901408451,2.5344827586206895,5.775862068965517,43.88059701492537,1.1206896551724137,3.1724137931034484,35.32608695652174,0.6724137931034483,0.9827586206896551,68.42105263157895,0.6724137931034483,3.7241379310344827,4.396551724137931,1.2241379310344827,0.8275862068965517,1.4791666666666667,0.8793103448275862,0.39655172413793105,0.5358208955223881,0.5526549655632083,98.33466947960618,101.9278481012658,-3.593178621659618,1.9137931034482758,-75,8.752320675105487
432,Justin Hamilton,MIN,2015,25,24.0,11.84,2.8,0.23648648648648649,1.16,2.72,42.64705882352941,0.24,0.8,30.0,0.24,0.28,85.71428571428571,1.0,0.96,1.96,0.48,0.32,1.5,0.36,0.2,0.47058823529411764,0.4924029262802476,94.19060402684562,106.34362416107383,-12.153020134228214,1.4,-69,4.941610738255035
433,Ekpe Udoh,LAC,2015,27,70.37037037037037,3.7037037037037037,0.7407407407407407,0.2,0.25925925925925924,0.6296296296296297,41.17647058823529,0.0,0.0,,0.2222222222222222,0.25925925925925924,85.71428571428571,0.2222222222222222,0.5555555555555556,0.7777777777777778,0.25925925925925924,0.18518518518518517,1.4,0.18518518518518517,0.2222222222222222,0.4117647058823529,0.4980079681274901,95.17227722772277,87.99801980198019,7.1742574257425815,0.4444444444444444,18,14.332673267326728
434,Tyler Ennis,MIL,2015,17,29.411764705882355,11.352941176470589,3.8823529411764706,0.34196891191709844,1.6470588235294117,4.117647058823529,40.0,0.35294117647058826,1.1764705882352942,30.0,0.23529411764705882,0.29411764705882354,80.0,0.11764705882352941,0.8235294117647058,0.9411764705882353,1.7058823529411764,1.2352941176470589,1.380952380952381,0.47058823529411764,0.17647058823529413,0.44285714285714284,0.4570637119113573,95.10725388601037,98.9461139896373,-3.838860103626928,0.9411764705882353,-17,6.014507772020724
435,Will Barton,DEN,2015,40,57.49999999999999,14.125,5.625,0.39823008849557523,2.15,5.025,42.78606965174129,0.325,1.175,27.659574468085108,1.0,1.325,75.47169811320755,0.3,1.6,1.9,1.15,0.775,1.4838709677419355,0.625,0.25,0.4601990049751244,0.5015156918687589,99.35831873905434,96.15621716287212,3.2021015761822156,1.05,15,10.305954465849391
436,Festus Ezeli,GSW,2015,29,82.75862068965517,10.862068965517242,4.137931034482759,0.38095238095238093,1.5862068965517242,2.896551724137931,54.761904761904766,0.0,0.0,,0.9655172413793104,1.4827586206896552,65.11627906976744,1.1379310344827587,2.0,3.1379310344827585,0.1724137931034483,0.9655172413793104,0.17857142857142858,0.1724137931034483,0.8275862068965517,0.5476190476190477,0.582977069568597,99.37721518987344,103.35791139240509,-3.9806962025316466,1.9310344827586208,-26,7.354430379746835
437,Kent Bazemore,ATL,2015,56,76.78571428571429,16.107142857142858,4.660714285714286,0.2893569844789357,1.7321428571428572,4.0,43.30357142857143,0.6071428571428571,1.5,40.476190476190474,0.5892857142857143,1.125,52.38095238095239,0.25,2.4642857142857144,2.7142857142857144,0.875,0.9464285714285714,0.9245283018867925,0.6428571428571429,0.44642857142857145,0.5089285714285714,0.5184331797235023,99.25734806629833,102.11977900552486,-2.8624309392265275,1.6607142857142858,-102,6.398895027624313
438,P.J. Tucker,PHX,2015,61,49.18032786885246,29.42622950819672,8.819672131147541,0.29972144846796656,3.19672131147541,7.098360655737705,45.03464203233256,1.1147540983606556,3.2131147540983607,34.69387755102041,1.3114754098360655,1.7049180327868851,76.92307692307693,1.3934426229508197,4.885245901639344,6.278688524590164,1.4754098360655739,1.1147540983606556,1.3235294117647058,1.3934426229508197,0.3114754098360656,0.5288683602771362,0.5618681594118139,102.85180455302607,103.01043864519713,-0.15863409217105584,2.262295081967213,4,9.979677956690724
439,Erick Green,DEN,2015,26,30.76923076923077,7.538461538461538,3.0,0.3979591836734694,1.2692307692307692,3.1153846153846154,40.74074074074074,0.23076923076923078,0.8846153846153846,26.08695652173913,0.23076923076923078,0.2692307692307692,85.71428571428571,0.07692307692307693,0.4230769230769231,0.5,0.6538461538461539,0.34615384615384615,1.8888888888888888,0.19230769230769232,0.0,0.4444444444444444,0.4638439581351094,89.5142857142857,106.13061224489795,-16.61632653061224,0.4230769230769231,-67,6.574489795918368
440,Ramon Sessions,WAS,2015,46,34.78260869565217,17.32608695652174,5.608695652173913,0.3237139272271016,1.7608695652173914,5.1521739130434785,34.177215189873415,0.1956521739130435,0.8043478260869565,24.324324324324326,1.891304347826087,2.5,75.65217391304347,0.34782608695652173,1.565217391304348,1.9130434782608696,2.5869565217391304,1.4130434782608696,1.8307692307692307,0.391304347826087,0.0,0.36075949367088606,0.44853963838664807,95.08162500000002,107.4905,-12.40887499999998,1.2173913043478262,-196,7.723249999999998
441,Pau Gasol,CHI,2015,61,60.65573770491803,34.60655737704918,18.24590163934426,0.527238275698721,7.163934426229508,14.540983606557377,49.267192784667415,0.11475409836065574,0.2786885245901639,41.17647058823529,3.80327868852459,4.688524590163935,81.11888111888112,2.901639344262295,9.180327868852459,12.081967213114755,2.7540983606557377,2.081967213114754,1.3228346456692914,0.32786885245901637,2.0163934426229506,0.49661781285231116,0.5494451246001343,105.86898345153665,104.17182033096925,1.6971631205673958,1.9672131147540983,82,16.91115839243499
442,Marcin Gortat,WAS,2015,64,56.25,29.578125,11.90625,0.40253565768621236,5.1875,9.375,55.333333333333336,0.0,0.046875,0.0,1.53125,2.171875,70.50359712230215,2.15625,6.546875,8.703125,1.03125,1.34375,0.7674418604651163,0.515625,1.296875,0.5533333333333333,0.5762599068304193,104.522708113804,99.2854583772392,5.237249736564806,2.21875,205,12.932665964172818
443,Kevin Martin,MIN,2015,26,38.46153846153847,33.0,20.0,0.6060606060606061,6.846153846153846,15.538461538461538,44.05940594059406,2.1153846153846154,5.346153846153846,39.568345323741006,4.1923076923076925,4.8076923076923075,87.2,0.5384615384615384,3.3461538461538463,3.8846153846153846,2.076923076923077,1.8846153846153846,1.1020408163265305,0.8461538461538461,0.0,0.5086633663366337,0.5664488017429193,103.65377468060396,108.56016260162602,-4.906387921022059,2.0,-71,11.338443670150985
444,Drew Gooden,WAS,2015,34,61.76470588235294,13.794117647058824,4.323529411764706,0.31343283582089554,1.7647058823529411,4.529411764705882,38.961038961038966,0.3235294117647059,1.0,32.35294117647059,0.47058823529411764,0.6176470588235294,76.19047619047619,1.1764705882352942,2.235294117647059,3.411764705882353,0.6470588235294118,0.5882352941176471,1.1,0.29411764705882354,0.23529411764705882,0.4253246753246753,0.45025728987993135,97.69468085106384,102.91808510638297,-5.223404255319139,1.6470588235294117,-58,6.582765957446808
445,Danilo Gallinari,DEN,2015,46,34.78260869565217,21.76086956521739,10.108695652173912,0.4645354645354645,3.0434782608695654,8.369565217391305,36.36363636363637,1.5434782608695652,4.630434782608695,33.33333333333333,2.4782608695652173,2.739130434782609,90.47619047619048,0.5,2.760869565217391,3.260869565217391,1.065217391304348,0.9130434782608695,1.1666666666666667,0.6956521739130435,0.2608695652173913,0.45584415584415583,0.5278812096993916,100.25398406374502,102.44023904382472,-2.1862549800796955,1.3478260869565217,-55,9.987649402390439
446,Zach LaVine,MIN,2015,57,22.807017543859647,20.385964912280702,7.43859649122807,0.3648881239242685,2.8596491228070176,6.859649122807017,41.687979539641944,0.42105263157894735,1.4385964912280702,29.268292682926827,1.2982456140350878,1.5964912280701755,81.31868131868131,0.24561403508771928,1.8771929824561404,2.1228070175438596,2.982456140350877,2.0526315789473686,1.452991452991453,0.7368421052631579,0.12280701754385964,0.4475703324808184,0.491833704528582,96.04648370497429,111.89742710120066,-15.85094339622637,1.9473684210526316,-368,6.482332761578046
447,Joffrey Lauvergne,DEN,2015,9,22.22222222222222,15.0,5.111111111111111,0.34074074074074073,2.0,5.888888888888889,33.9622641509434,0.2222222222222222,1.1111111111111112,20.0,0.8888888888888888,1.7777777777777777,50.0,1.7777777777777777,2.6666666666666665,4.444444444444445,0.4444444444444444,1.2222222222222223,0.36363636363636365,0.5555555555555556,0.5555555555555556,0.3584905660377358,0.38307794803464357,85.6514705882353,106.39117647058822,-20.739705882352922,1.4444444444444444,-64,3.7867647058823533
448,Zach Randolph,MEM,2015,53,77.35849056603774,32.56603773584906,16.433962264150942,0.5046349942062572,6.566037735849057,13.377358490566039,49.083215796897036,0.09433962264150944,0.24528301886792453,38.46153846153847,3.207547169811321,4.320754716981132,74.235807860262,3.452830188679245,7.943396226415095,11.39622641509434,1.849056603773585,2.169811320754717,0.8521739130434782,0.9811320754716981,0.22641509433962265,0.49435825105782794,0.5378136731871171,108.63049768518519,100.49322916666665,8.137268518518539,2.4339622641509435,316,15.112384259259255
449,Quincy Pondexter,NOP,2015,57,66.66666666666666,22.473684210526315,6.105263157894737,0.2716627634660422,2.192982456140351,5.491228070175438,39.936102236421725,0.8070175438596491,2.7017543859649122,29.87012987012987,0.9122807017543859,1.2280701754385965,74.28571428571429,0.7017543859649122,1.6491228070175439,2.3508771929824563,1.1754385964912282,0.5789473684210527,2.0303030303030303,0.2631578947368421,0.2982456140350877,0.4728434504792332,0.5061082024432809,102.85003897116128,104.00974279033515,-1.1597038191738704,1.8421052631578947,-17,4.754091971940764
450,Andre Miller,SAC,2015,61,59.01639344262295,14.049180327868852,3.9508196721311477,0.2812135355892649,1.6557377049180328,3.1639344262295084,52.331606217616574,0.03278688524590164,0.2786885245901639,11.76470588235294,0.6065573770491803,0.819672131147541,74.0,0.4426229508196721,1.4098360655737705,1.8524590163934427,3.2131147540983607,1.098360655737705,2.925373134328358,0.3770491803278688,0.03278688524590164,0.5284974093264249,0.5604651162790698,101.64322132097332,108.49015063731173,-6.846929316338404,1.1311475409836065,-122,11.876940903823868
451,Langston Galloway,NYK,2015,25,28.000000000000004,30.48,11.12,0.3648293963254593,4.12,10.44,39.46360153256705,1.28,3.68,34.78260869565217,1.6,2.12,75.47169811320755,1.12,3.6,4.72,2.88,1.08,2.6666666666666665,1.0,0.32,0.4559386973180077,0.488885762521103,99.56955380577428,106.95787401574805,-7.38832020997377,2.96,-121,8.531233595800524
452,Norris Cole,NOP,2015,57,47.368421052631575,24.80701754385965,6.947368421052632,0.28005657708628007,2.754385964912281,7.035087719298246,39.15211970074813,0.6140350877192983,2.2982456140350878,26.717557251908396,0.8245614035087719,1.1578947368421053,71.21212121212122,0.21052631578947367,2.0,2.210526315789474,3.526315789473684,1.368421052631579,2.576923076923077,0.8245614035087719,0.17543859649122806,0.43516209476309226,0.46042228629894894,102.85490472829923,107.66796047988711,-4.813055751587882,1.736842105263158,-129,6.785038814396613
453,Anthony Davis,NOP,2015,52,55.769230769230774,35.80769230769231,24.653846153846153,0.6885069817400644,9.596153846153847,17.48076923076923,54.89548954895489,0.019230769230769232,0.17307692307692307,11.11111111111111,5.4423076923076925,6.5576923076923075,82.99120234604106,2.6923076923076925,7.673076923076923,10.365384615384615,1.75,1.4423076923076923,1.2133333333333334,1.4615384615384615,2.8076923076923075,0.5495049504950495,0.6052651457924157,109.33599785407725,103.6806330472103,5.655364806866942,2.0384615384615383,195,19.775375536480688
454,Cole Aldrich,NYK,2015,44,15.909090909090908,15.590909090909092,5.0227272727272725,0.32215743440233235,2.2045454545454546,4.681818181818182,47.0873786407767,0.0,0.0,,0.6136363636363636,0.75,81.81818181818183,1.6363636363636365,3.409090909090909,5.045454545454546,1.0,0.9772727272727273,1.0232558139534884,0.5681818181818182,0.9318181818181818,0.470873786407767,0.5010883366588065,92.46391304347827,107.59463768115943,-15.130724637681155,2.090909090909091,-217,10.792753623188407
455,Ray McCallum,SAC,2015,48,29.166666666666668,17.145833333333332,5.854166666666667,0.34143377885783716,2.4375,5.645833333333333,43.17343173431734,0.3541666666666667,1.3125,26.984126984126984,0.625,0.8541666666666666,73.17073170731707,0.6041666666666666,1.4375,2.0416666666666665,2.0833333333333335,1.0833333333333333,1.9230769230769231,0.5,0.14583333333333334,0.46309963099630996,0.4860918903957929,97.93365500603139,111.07804583835949,-13.1443908323281,1.125,-215,7.35199034981906
456,Giannis Antetokounmpo,MIL,2015,63,52.38095238095239,30.476190476190474,12.26984126984127,0.40260416666666665,4.587301587301587,9.285714285714286,49.401709401709404,0.09523809523809523,0.5555555555555556,17.142857142857142,3.0,4.0476190476190474,74.11764705882354,1.2857142857142858,5.349206349206349,6.634920634920635,2.4603174603174605,2.1746031746031744,1.1313868613138687,1.0634920634920635,1.0793650793650793,0.49914529914529915,0.5543602983362019,101.96654526534861,100.97887617065558,0.9876690946930324,2.984126984126984,15,11.322008324661809
457,DeMarre Carroll,ATL,2015,54,81.48148148148148,31.462962962962962,12.0,0.38140082401412595,4.2592592592592595,9.018518518518519,47.227926078028744,1.7407407407407407,4.388888888888889,39.66244725738397,1.7407407407407407,2.4444444444444446,71.21212121212122,1.3333333333333333,3.814814814814815,5.148148148148148,1.5185185185185186,0.9074074074074074,1.6734693877551021,1.3333333333333333,0.2222222222222222,0.5687885010266941,0.594408160270052,109.11632413388139,102.5567234292425,6.559600704638896,2.2962962962962963,180,9.156018790369936
458,Al Jefferson,CHA,2015,53,41.509433962264154,31.433962264150942,17.37735849056604,0.5528211284513805,7.773584905660377,16.037735849056602,48.470588235294116,0.03773584905660377,0.07547169811320754,50.0,1.7924528301886793,2.7169811320754715,65.97222222222221,1.5471698113207548,7.264150943396227,8.81132075471698,1.7924528301886793,0.9811320754716981,1.8269230769230769,0.7358490566037735,1.3018867924528301,0.4858823529411765,0.5041823596391346,100.12292040694196,103.67073608617592,-3.5478156792339632,2.150943396226415,-91,14.84991023339318
459,Kelly Olynyk,BOS,2015,44,38.63636363636363,23.704545454545453,10.545454545454545,0.4448705656759348,4.090909090909091,8.409090909090908,48.64864864864865,0.8409090909090909,2.5,33.63636363636363,1.5227272727272727,2.227272727272727,68.36734693877551,1.5,3.590909090909091,5.090909090909091,1.7272727272727273,1.5909090909090908,1.0857142857142856,0.9318181818181818,0.6818181818181818,0.5364864864864864,0.5615801704105344,106.27104506232024,103.32205177372963,2.9489932885906143,3.4318181818181817,95,4.04209012464046
460,Stephen Curry,GSW,2015,61,81.9672131147541,33.16393442622951,23.80327868852459,0.717745921898171,8.21311475409836,16.918032786885245,48.54651162790697,3.3934426229508197,8.032786885245901,42.244897959183675,3.9836065573770494,4.409836065573771,90.33457249070632,0.7049180327868853,3.7049180327868854,4.409836065573771,7.721311475409836,3.1147540983606556,2.4789473684210526,2.1639344262295084,0.2459016393442623,0.5857558139534884,0.6311067839632811,113.1912592592593,97.2631111111111,15.928148148148196,2.0327868852459017,706,18.419555555555554
461,Dwyane Wade,MIA,2015,45,46.666666666666664,31.933333333333334,21.177777777777777,0.6631871955462769,8.133333333333333,17.155555555555555,47.40932642487047,0.4444444444444444,1.5777777777777777,28.169014084507044,4.466666666666667,5.866666666666666,76.13636363636364,0.9555555555555556,2.8222222222222224,3.7777777777777777,5.2444444444444445,3.4,1.542483660130719,1.1777777777777778,0.35555555555555557,0.48704663212435234,0.5365024319942353,105.06784722222221,105.88708333333335,-0.8192361111111381,1.8222222222222222,-2,14.902569444444442
462,Jeff Teague,ATL,2015,58,77.58620689655173,31.224137931034484,16.82758620689655,0.5389287686361126,5.827586206896552,12.517241379310345,46.5564738292011,1.0344827586206897,3.0689655172413794,33.70786516853933,4.137931034482759,4.741379310344827,87.27272727272727,0.3448275862068966,2.086206896551724,2.4310344827586206,7.224137931034483,2.793103448275862,2.5864197530864197,1.706896551724138,0.4827586206896552,0.5068870523415978,0.5761511216056671,110.45157198014343,100.03397683397682,10.417595146166605,1.9482758620689655,392,13.78599007170436
463,Mike Conley,MEM,2015,59,69.49152542372882,31.83050847457627,16.23728813559322,0.5101171458998935,5.728813559322034,12.88135593220339,44.473684210526315,1.5084745762711864,3.9152542372881354,38.52813852813853,3.2711864406779663,3.7966101694915255,86.16071428571429,0.4576271186440678,2.7457627118644066,3.2033898305084745,5.3559322033898304,2.2203389830508473,2.4122137404580153,1.305084745762712,0.1694915254237288,0.5032894736842105,0.5579109206112561,107.30446808510641,101.97021276595744,5.334255319148966,1.9491525423728813,205,12.355053191489365
464,Shaun Livingston,GSW,2015,60,80.0,18.05,5.916666666666667,0.32779316712834716,2.566666666666667,4.916666666666667,52.20338983050847,0.0,0.03333333333333333,0.0,0.7833333333333333,1.1,71.21212121212122,0.5166666666666667,1.7666666666666666,2.283333333333333,3.033333333333333,1.2333333333333334,2.4594594594594597,0.6333333333333333,0.3,0.5220338983050847,0.5477718800148129,99.79188191881919,99.10654981549814,0.6853321033210449,1.4166666666666667,33,10.458210332103326
465,Mo Williams,CHA,2015,51,29.411764705882355,29.392156862745097,13.980392156862745,0.47565043362241494,4.9411764705882355,12.0,41.17647058823529,1.7254901960784315,4.882352941176471,35.34136546184739,2.372549019607843,2.764705882352941,85.81560283687944,0.3333333333333333,2.0392156862745097,2.372549019607843,6.784313725490196,2.549019607843137,2.6615384615384614,0.7647058823529411,0.17647058823529413,0.48366013071895425,0.5289003619963207,103.13786666666665,106.07986666666666,-2.9420000000000073,2.411764705882353,-74,10.370866666666668
466,JJ Redick,LAC,2015,60,66.66666666666666,30.433333333333334,15.133333333333333,0.49726177437020813,5.283333333333333,11.35,46.54919236417034,2.4166666666666665,5.683333333333334,42.52199413489736,2.15,2.45,87.75510204081633,0.3,1.8,2.1,1.5833333333333333,1.2333333333333334,1.2837837837837838,0.4666666666666667,0.1,0.5719530102790015,0.6088402531917175,112.99737417943105,102.54600656455142,10.45136761487963,1.7833333333333334,399,8.541083150984685
467,Wilson Chandler,DEN,2015,61,36.0655737704918,31.508196721311474,13.852459016393443,0.4396462018730489,5.377049180327869,12.655737704918034,42.487046632124354,1.8360655737704918,5.459016393442623,33.633633633633636,1.2622950819672132,1.5737704918032787,80.20833333333334,1.2131147540983607,4.754098360655738,5.967213114754099,1.5573770491803278,1.4754098360655739,1.0555555555555556,0.6721311475409836,0.4098360655737705,0.49740932642487046,0.5188887797209668,103.60239085239087,108.34189189189188,-4.7395010395010075,2.9672131147540983,-206,8.35576923076923
468,Kenneth Faried,DEN,2015,59,38.983050847457626,27.423728813559322,11.508474576271187,0.4196538936959209,4.576271186440678,9.23728813559322,49.54128440366973,0.01694915254237288,0.0847457627118644,20.0,2.3389830508474576,3.4745762711864407,67.31707317073172,2.9661016949152543,5.796610169491525,8.76271186440678,1.2372881355932204,1.5254237288135593,0.8111111111111111,0.7627118644067796,0.7457627118644068,0.4963302752293578,0.534477329974811,106.38327160493823,106.55672839506175,-0.17345679012352377,2.5762711864406778,-21,11.899753086419752
469,Bradley Beal,WAS,2015,46,58.69565217391305,33.41304347826087,14.847826086956522,0.44437215354586856,5.565217391304348,13.26086956521739,41.967213114754095,1.6956521739130435,4.065217391304348,41.711229946524064,2.0217391304347827,2.5217391304347827,80.17241379310344,0.8913043478260869,2.9565217391304346,3.847826086956522,3.0217391304347827,1.891304347826087,1.5977011494252873,1.2608695652173914,0.2608695652173913,0.48360655737704916,0.5166101900036306,106.29265756985056,101.30604288499026,4.9866146848602995,2.217391304347826,166,8.89246263807667
470,Marc Gasol,MEM,2015,63,71.42857142857143,34.0,18.126984126984127,0.5331465919701214,6.698412698412699,13.46031746031746,49.764150943396224,0.031746031746031744,0.2222222222222222,14.285714285714285,4.698412698412699,5.809523809523809,80.87431693989072,1.380952380952381,6.492063492063492,7.873015873015873,3.761904761904762,2.253968253968254,1.6690140845070423,0.8412698412698413,1.746031746031746,0.4988207547169811,0.56588440497899,106.88611369990679,102.67017707362531,4.215936626281476,2.4603174603174605,207,15.518126747437096
471,Klay Thompson,GSW,2015,61,81.9672131147541,32.60655737704918,21.704918032786885,0.6656611362493715,7.80327868852459,16.950819672131146,46.03481624758221,3.0655737704918034,7.081967213114754,43.28703703703704,3.0327868852459017,3.4754098360655736,87.26415094339622,0.3442622950819672,2.918032786885246,3.262295081967213,2.9836065573770494,2.1147540983606556,1.4108527131782946,1.1639344262295082,0.8524590163934426,0.5507736943907157,0.5872542757788659,112.95246231155777,97.91376884422107,15.0386934673367,1.5901639344262295,630,12.424673366834174
472,Mario Chalmers,MIA,2015,62,45.16129032258064,30.79032258064516,10.758064516129032,0.3493975903614458,3.5161290322580645,8.693548387096774,40.44526901669759,0.9032258064516129,3.1451612903225805,28.717948717948715,2.8225806451612905,3.6451612903225805,77.43362831858407,0.3225806451612903,2.3225806451612905,2.6451612903225805,4.161290322580645,2.193548387096774,1.8970588235294117,1.6935483870967742,0.12903225806451613,0.45640074211502785,0.5223670196103001,101.08744113029825,105.18346415489273,-4.096023024594487,3.1451612903225805,-124,7.697645211930929
473,DeMarcus Cousins,SAC,2015,48,39.58333333333333,33.791666666666664,23.375,0.6917385943279901,8.125,17.395833333333332,46.706586826347305,0.041666666666666664,0.0625,66.66666666666666,7.083333333333333,8.854166666666666,80.0,2.9791666666666665,9.145833333333334,12.125,3.2916666666666665,4.270833333333333,0.7707317073170732,1.4375,1.6666666666666667,0.4682634730538922,0.5489236790606654,105.26564228641668,104.10854333128457,1.1570989551321134,4.125,53,17.629317762753526
474,Dennis Schroder,ATL,2015,61,78.68852459016394,18.918032786885245,9.098360655737705,0.4809358752166378,3.459016393442623,7.983606557377049,43.3264887063655,0.5737704918032787,1.6065573770491803,35.714285714285715,1.6065573770491803,1.9836065573770492,80.99173553719008,0.32786885245901637,1.6721311475409837,2.0,3.9672131147540983,1.9180327868852458,2.0683760683760686,0.7213114754098361,0.03278688524590164,0.46919917864476385,0.5136605952909817,101.93589965397923,100.31427335640143,1.621626297577805,1.639344262295082,31,14.095761245674739
475,DeAndre Jordan,LAC,2015,64,64.0625,34.234375,11.1875,0.32679141944317663,4.578125,6.359375,71.99017199017199,0.0,0.046875,0.0,2.03125,5.0625,40.123456790123456,4.640625,9.890625,14.53125,0.640625,1.265625,0.5061728395061729,1.0,2.21875,0.7199017199017199,0.6514302350971687,114.47331818181817,105.19149999999995,9.281818181818224,2.9375,371,13.487136363636361
476,Eric Gordon,NOP,2015,43,58.139534883720934,33.348837209302324,13.232558139534884,0.396792189679219,4.627906976744186,11.093023255813954,41.719077568134175,2.2790697674418605,4.953488372093023,46.009389671361504,1.697674418604651,2.0232558139534884,83.9080459770115,0.4186046511627907,2.488372093023256,2.9069767441860463,3.86046511627907,2.186046511627907,1.7659574468085106,0.9302325581395349,0.2558139534883721,0.519916142557652,0.5521269989132123,107.85797909407668,106.2881533101045,1.5698257839721776,2.4651162790697674,40,8.062090592334496
