,Name,Team,Season,GP,Win%,Mins,Points,PPM,FGM,FGA,FG%,3PM,3PA,3P%,FTM,FTA,FT%,OREB,DREB,REB,AST,TOV,AST/TO,STL,BLK,EFG%,TS%,OFFRTG,DEFRTG,NETRTG,PF,Plusminus,PIE,S_Mins,S_GP,S_PPM,S_NETRTG,SIM
0,Giannis Antetokounmpo,MIL,2021,43,62.7906976744186,33.93023255813954,28.41860465116279,0.8375599725839616,10.279069767441861,18.488372093023255,55.59748427672956,1.1627906976744187,3.8372093023255816,30.303030303030305,6.6976744186046515,9.86046511627907,67.9245283018868,1.7906976744186047,9.604651162790697,11.395348837209303,6.3023255813953485,3.627906976744186,1.7371794871794872,1.1627906976744187,1.255813953488372,0.5874213836477987,0.6224785036065039,117.63153214774282,107.43194254445963,10.199589603283187,2.9069767441860463,314,19.175854993160055,0.8500970713371063,0.868421052631579,0.8983447787576643,0.8017358156186052,0.8530889239744335
1,Nikola Jokic,DEN,2021,46,60.86956521739131,35.69565217391305,26.934782608695652,0.7545676004872107,10.630434782608695,18.630434782608695,57.05950991831972,1.5434782608695652,3.608695652173913,42.77108433734939,4.130434782608695,4.760869565217392,86.7579908675799,2.9130434782608696,8.195652173913043,11.108695652173912,8.543478260869565,2.9782608695652173,2.8686131386861313,1.5869565217391304,0.6521739130434783,0.6120186697782963,0.649806998405639,120.74138770541693,112.88606208155812,7.855325623858803,2.717391304347826,265,20.434266585514305,0.9128118001390071,0.9473684210526316,0.7909142811314198,0.7324149394168985,0.8343750402316564
2,Joel Embiid,PHI,2021,31,77.41935483870968,32.67741935483871,29.93548387096774,0.9160908193484699,9.451612903225806,18.0,52.508960573476706,1.2258064516129032,2.903225806451613,42.22222222222222,9.806451612903226,11.419354838709678,85.87570621468926,2.161290322580645,9.290322580645162,11.451612903225806,3.2580645161290325,3.193548387096774,1.02020202020202,1.1935483870967742,1.3870967741935485,0.5591397849462365,0.6500784577449003,118.04950690335305,105.95453648915188,12.094970414201171,2.4838709677419355,255,21.329980276134126,0.8055921618059934,0.5526315789473684,0.9999999999999999,0.8577830268976856,0.8324903047155063
3,Kawhi Leonard,LAC,2021,39,69.23076923076923,34.43589743589744,25.897435897435898,0.7520476545048399,9.384615384615385,18.205128205128204,51.54929577464789,1.9230769230769231,5.0256410256410255,38.265306122448976,5.205128205128205,5.9743589743589745,87.1244635193133,1.0,5.333333333333333,6.333333333333333,4.871794871794871,1.8717948717948718,2.6027397260273974,1.8205128205128205,0.46153846153846156,0.5683098591549296,0.6215231625067691,121.80148698884756,110.7232713754647,11.078215613382852,1.5897435897435896,311,16.805501858736054,0.8680602996766409,0.763157894736842,0.7876523060361454,0.8277171579112398,0.8171423368402663
4,LeBron James,LAL,2021,41,68.29268292682927,33.829268292682926,25.414634146341463,0.7512617159336697,9.463414634146341,18.4390243902439,51.32275132275132,2.3902439024390243,6.487804878048781,36.84210526315789,4.097560975609756,5.829268292682927,70.29288702928869,0.5853658536585366,7.2926829268292686,7.878048780487805,7.878048780487805,3.707317073170732,2.125,1.048780487804878,0.5853658536585366,0.578042328042328,0.604997909796089,112.71781609195402,103.03908045977013,9.678735632183887,1.5853658536585367,281,19.606178160919534,0.846510418923017,0.8157894736842106,0.786634938178458,0.7863339436593699,0.8080270018696633
5,Donovan Mitchell,UTA,2021,44,75.0,33.56818181818182,25.704545454545453,0.7657413676371022,8.795454545454545,20.045454545454547,43.87755102040816,3.4318181818181817,8.590909090909092,39.94708994708995,4.681818181818182,5.568181818181818,84.08163265306122,1.0,3.5,4.5,5.5,2.977272727272727,1.8473282442748091,1.0227272727272727,0.29545454545454547,0.5243764172335601,0.571327540917357,117.65091277890464,109.9849898580122,7.6659229208924415,2.2045454545454546,230,13.249898580121705,0.837235588567738,0.8947368421052633,0.8053783015581792,0.7268142214773499,0.8071224033436111
6,Damian Lillard,POR,2021,44,59.09090909090909,36.18181818181818,29.772727272727273,0.8228643216080402,9.181818181818182,20.568181818181817,44.64088397790055,4.159090909090909,11.113636363636363,37.423312883435585,7.25,7.681818181818182,94.37869822485207,0.4772727272727273,3.8181818181818183,4.295454545454546,7.7727272727272725,3.227272727272727,2.408450704225352,0.8636363636363636,0.25,0.5475138121546961,0.6216072580951296,118.92739811912229,117.56507836990595,1.36231974921634,1.5909090909090908,51,16.178934169278996,0.9300823510414986,0.8947368421052633,0.879321812460902,0.5404140127449953,0.8016643046695604
7,Luka Doncic,DAL,2021,40,57.49999999999999,35.025,28.525,0.814418272662384,10.075,20.85,48.32134292565947,2.95,8.025,36.7601246105919,5.425,7.25,74.82758620689656,0.775,7.35,8.125,9.0,4.225,2.1301775147928996,1.025,0.625,0.5539568345323741,0.5932820299500832,117.70363247863247,112.87037037037034,4.833262108262133,2.125,115,18.63475783475784,0.8889875666074603,0.7894736842105263,0.868388720439509,0.6430512445953747,0.7983821542018559
8,Devin Booker,PHX,2021,41,70.73170731707317,34.0,25.121951219512194,0.7388809182209469,9.268292682926829,18.902439024390244,49.03225806451613,2.048780487804878,5.829268292682927,35.146443514644346,4.536585365853658,5.365853658536586,84.54545454545455,0.34146341463414637,3.8048780487804876,4.146341463414634,4.560975609756097,3.317073170731707,1.375,0.9024390243902439,0.24390243902439024,0.5445161290322581,0.5907318192245928,117.60881088825215,109.18381088825214,8.425000000000011,2.8292682926829267,224,12.833882521489972,0.852575488454707,0.8157894736842106,0.7706084621821205,0.7492604513773159,0.794935621718498
9,Kyrie Irving,BKN,2021,32,71.875,35.53125,28.0625,0.7897977132805629,10.78125,20.75,51.95783132530121,2.84375,7.09375,40.08810572687225,3.65625,4.09375,89.31297709923665,1.125,3.78125,4.90625,5.625,2.3125,2.4324324324324325,1.25,0.59375,0.5881024096385542,0.6221938916911479,120.53362598770852,112.37726075504827,8.15636523266025,2.6875,203,15.346268656716418,0.9069715808170518,0.5789473684210527,0.836518334289538,0.7413168078228018,0.7871308536714877
10,Stephen Curry,GSW,2021,40,55.00000000000001,33.65,29.05,0.8632986627043091,9.65,20.325,47.478474784747846,4.7,11.5,40.869565217391305,5.05,5.45,92.66055045871559,0.475,4.85,5.325,6.225,3.025,2.0578512396694215,1.35,0.075,0.5904059040590406,0.6392201733925978,113.15219005196732,110.36117297698588,2.79101707498144,1.8,94,17.480697847067557,0.8401420959147425,0.7894736842105263,0.9316625430053603,0.5826611962185008,0.7855894820083148
11,Trae Young,ATL,2021,44,52.27272727272727,34.43181818181818,25.568181818181817,0.7425742574257426,7.681818181818182,17.681818181818183,43.44473007712082,2.4318181818181817,6.75,36.02693602693603,7.7727272727272725,8.886363636363637,87.46803069053708,0.7045454545454546,3.340909090909091,4.045454545454546,9.431818181818182,4.2727272727272725,2.2074468085106385,0.8181818181818182,0.25,0.5032133676092545,0.5920803334596438,117.14208443271767,113.09815303430076,4.043931398416902,1.8863636363636365,151,15.037137203166228,0.8679153883416761,0.8947368421052633,0.7753893505776367,0.6197104020539037,0.777504126518247
12,Paul George,LAC,2021,36,72.22222222222221,33.52777777777778,22.47222222222222,0.6702568351284176,7.972222222222222,16.86111111111111,47.28171334431631,3.1944444444444446,7.5,42.592592592592595,3.3333333333333335,3.7777777777777777,88.23529411764706,0.8611111111111112,5.388888888888889,6.25,5.472222222222222,3.1666666666666665,1.7280701754385965,1.1388888888888888,0.4722222222222222,0.5675453047775947,0.6065922860056385,118.82814569536424,106.57458609271521,12.253559602649034,2.3055555555555554,316,14.600165562913912,0.8358002762976122,0.6842105263157894,0.6817771731188238,0.8624725761958081,0.7753419939708466
13,James Harden,BKN,2021,40,67.5,38.15,26.075,0.6834862385321101,8.225,17.775,46.27285513361463,2.925,8.075,36.22291021671827,6.7,7.725,86.73139158576052,0.85,7.325,8.175,11.2,4.25,2.635294117647059,1.25,0.725,0.5450070323488045,0.6157315575706054,117.06046966731896,114.23365949119373,2.826810176125221,2.325,103,17.384409654272666,1.0000000000000002,0.7894736842105263,0.6989021371974521,0.583719613340054,0.7655928784610094
14,Jamal Murray,DEN,2021,44,63.63636363636363,35.38636363636363,21.045454545454547,0.5947334617854849,7.840909090909091,16.295454545454547,48.11715481171548,2.659090909090909,6.4772727272727275,41.05263157894737,2.7045454545454546,3.159090909090909,85.61151079136691,0.75,3.1363636363636362,3.8863636363636362,4.931818181818182,2.2954545454545454,2.1485148514851486,1.2727272727272727,0.2727272727272727,0.5627615062761506,0.5949933175696515,119.06581306017925,111.22714468629961,7.838668373879642,2.0454545454545454,268,11.569782330345708,0.9018246407233974,0.8947368421052633,0.5840150128664898,0.7319223774981892,0.7649086776002163
15,Zion Williamson,NOP,2021,44,47.72727272727273,32.79545454545455,26.363636363636363,0.8038808038808039,10.090909090909092,16.181818181818183,62.35955056179775,0.18181818181818182,0.5227272727272727,34.78260869565217,6.0,8.477272727272727,70.77747989276139,2.6136363636363638,4.454545454545454,7.068181818181818,3.522727272727273,2.5681818181818183,1.3716814159292035,0.9318181818181818,0.6818181818181818,0.6292134831460674,0.6620097703510934,116.46551246537396,114.81745152354569,1.6480609418282768,2.2954545454545454,52,15.793628808864268,0.8097852414015827,0.8947368421052633,0.8547483642679027,0.5488635005213863,0.7636937735038277
16,Bradley Beal,WAS,2021,41,39.02439024390244,35.390243902439025,31.317073170731707,0.8849069607167471,10.951219512195122,22.585365853658537,48.488120950323975,2.1951219512195124,6.487804878048781,33.83458646616541,7.219512195121951,8.0,90.2439024390244,1.1219512195121952,3.902439024390244,5.024390243902439,4.780487804878049,3.341463414634146,1.4306569343065694,1.1951219512195121,0.36585365853658536,0.5334773218142549,0.5998206143956948,112.4082304526749,116.62661179698217,-4.218381344307275,2.4878048780487805,-120,15.36755829903978,0.9019624832127542,0.8157894736842106,0.9596336703473548,0.37539032385230053,0.7572331660376821
17,Zach LaVine,CHI,2021,45,42.22222222222222,35.06666666666667,27.511111111111113,0.7845373891001267,9.822222222222223,19.155555555555555,51.27610208816705,3.422222222222222,8.0,42.77777777777778,4.444444444444445,5.133333333333334,86.58008658008657,0.6222222222222222,4.355555555555555,4.977777777777778,4.777777777777778,3.7555555555555555,1.272189349112426,0.8666666666666667,0.4444444444444444,0.6020881670533643,0.6423560665808808,113.06162127929068,114.69550348321724,-1.6338822039265608,2.466666666666667,-53,13.950158328055732,0.8904677323860275,0.9210526315789473,0.8297090429040498,0.45181505525040033,0.7565114103776259
18,Jayson Tatum,BOS,2021,41,51.21951219512195,35.65853658536585,25.26829268292683,0.7086183310533516,9.268292682926829,20.5609756097561,45.077105575326215,2.8048780487804876,7.2926829268292686,38.46153846153847,3.926829268292683,4.560975609756097,86.09625668449198,0.7317073170731707,6.097560975609756,6.829268292682927,4.390243902439025,2.4146341463414633,1.8181818181818181,1.3170731707317074,0.4634146341463415,0.5189798339264532,0.5598305377831575,114.06286689419792,110.9873037542662,3.075563139931731,1.9268292682926829,125,14.618566552901024,0.9114933067625526,0.8157894736842106,0.7314346837162844,0.5910753435650574,0.756402857800112
19,Kevin Durant,BKN,2021,19,63.1578947368421,35.73684210526316,29.0,0.8114874815905744,9.894736842105264,18.894736842105264,52.36768802228412,2.5789473684210527,5.947368421052632,43.36283185840708,6.631578947368421,7.631578947368421,86.89655172413792,0.3684210526315789,6.947368421052632,7.315789473684211,5.2631578947368425,3.526315789473684,1.492537313432836,0.7368421052631579,1.4210526315789473,0.5919220055710307,0.6516083254493851,120.60661764705881,110.57220588235295,10.034411764705865,2.263157894736842,159,16.39279411764706,0.9142750303823504,0.2368421052631579,0.8645949218610564,0.7968514371527913,0.7559880674170295
20,Julius Randle,NYK,2021,46,50.0,37.04347826086956,23.02173913043478,0.6214788732394366,8.217391304347826,17.565217391304348,46.78217821782179,2.0217391304347827,4.826086956521739,41.891891891891895,4.565217391304348,5.804347826086956,78.65168539325843,1.434782608695652,9.347826086956522,10.782608695652174,5.782608695652174,3.3043478260869565,1.75,0.8913043478260869,0.21739130434782608,0.5253712871287128,0.5721355404762933,109.01412661195776,106.8576201641266,2.1565064478311626,3.130434782608696,80,16.27942555685815,0.9606919453239633,0.9473684210526316,0.6186359399363545,0.5638984489257869,0.7528471191554833
21,Tobias Harris,PHI,2021,41,73.17073170731707,34.21951219512195,20.902439024390244,0.6108339272986457,8.097560975609756,15.634146341463415,51.794071762870516,1.5365853658536586,3.7560975609756095,40.909090909090914,3.1707317073170733,3.5365853658536586,89.65517241379311,1.0975609756097562,6.512195121951219,7.609756097560975,3.682926829268293,1.9268292682926829,1.9113924050632911,0.9024390243902439,0.8048780487804879,0.5670826833073322,0.6079738933030647,114.39964412811392,105.85701067615659,8.542633451957329,1.975609756097561,262,14.813879003558721,0.8603734349954513,0.8157894736842106,0.6048564586330553,0.7527389222457352,0.7519399169095589
22,Rudy Gobert,UTA,2021,46,76.08695652173914,30.67391304347826,14.717391304347826,0.479801559177888,5.565217391304348,8.565217391304348,64.9746192893401,0.0,0.06521739130434782,0.0,3.5869565217391304,5.826086956521739,61.56716417910447,3.4565217391304346,9.91304347826087,13.369565217391305,1.2173913043478262,1.5869565217391304,0.7671232876712328,0.5,2.9565217391304346,0.649746192893401,0.6612361306454133,117.45380281690139,102.02943661971828,15.424366197183105,2.347826086956522,464,16.246056338028172,0.7344196463047341,0.9473684210526316,0.43523999682199044,0.9562346666977587,0.7480230390414988
23,Khris Middleton,MIL,2021,45,64.44444444444444,33.4,20.4,0.6107784431137725,7.555555555555555,15.355555555555556,49.2040520984081,2.2444444444444445,5.133333333333334,43.722943722943725,3.0444444444444443,3.466666666666667,87.82051282051282,0.7777777777777778,5.266666666666667,6.044444444444444,5.355555555555555,2.7555555555555555,1.9435483870967742,1.0666666666666667,0.17777777777777778,0.565123010130246,0.6042335843294192,116.39375415282392,110.56823920265782,5.825514950166095,2.4444444444444446,181,12.524053156146179,0.8312611012433393,0.9210526315789473,0.6047846364469829,0.6723925803059143,0.7388223493861454
24,Jaylen Brown,BOS,2021,43,48.837209302325576,34.04651162790697,24.53488372093023,0.7206284153005464,9.255813953488373,19.11627906976744,48.41849148418492,2.604651162790698,6.651162790697675,39.16083916083916,3.4186046511627906,4.488372093023256,76.16580310880829,1.069767441860465,4.534883720930233,5.604651162790698,3.744186046511628,2.7906976744186047,1.3416666666666666,1.186046511627907,0.5116279069767442,0.5523114355231143,0.5816389538217263,113.11671214188269,112.11384720327422,1.002864938608468,2.883720930232558,44,13.115075034106413,0.8542277665331075,0.868421052631579,0.7469812851040013,0.5297847821442783,0.7364160907533632
25,Brandon Ingram,NOP,2021,46,45.65217391304348,34.34782608695652,23.847826086956523,0.6943037974683545,8.5,17.91304347826087,47.45145631067961,2.391304347826087,6.195652173913044,38.59649122807017,4.456521739130435,5.086956521739131,87.6068376068376,0.5869565217391305,4.326086956521739,4.913043478260869,4.739130434782608,2.391304347826087,1.981818181818182,0.6304347826086957,0.6956521739130435,0.5412621359223301,0.5917191680331406,117.14816687737044,117.1309734513274,0.017193426043036197,2.0,3,13.10948166877371,0.8649316549540507,0.9473684210526316,0.7129050595174355,0.5006380591225499,0.7348246014573576
26,Mike Conley,UTA,2021,37,72.97297297297297,29.43243243243243,16.135135135135137,0.5482093663911846,5.5675675675675675,12.378378378378379,44.97816593886463,2.72972972972973,6.486486486486487,42.083333333333336,2.27027027027027,2.7027027027027026,84.0,0.7837837837837838,2.72972972972973,3.5135135135135136,5.45945945945946,1.945945945945946,2.8055555555555554,1.3243243243243243,0.13513513513513514,0.5600436681222707,0.5946215139442231,116.641376146789,99.73697247706424,16.904403669724758,1.837837837837838,402,12.93256880733945,0.6903173155393405,0.7105263157894737,0.5237913249112419,1.0,0.7334970803640086
27,De'Aaron Fox,SAC,2021,46,47.82608695652174,34.78260869565217,24.804347826086957,0.713125,9.043478260869565,18.608695652173914,48.598130841121495,1.8478260869565217,5.565217391304348,33.203125,4.869565217391305,6.913043478260869,70.44025157232704,0.5652173913043478,2.8043478260869565,3.369565217391304,7.239130434782608,3.0652173913043477,2.3617021276595747,1.3695652173913044,0.4782608695652174,0.5356308411214953,0.5728371756767612,114.7696004993758,117.35218476903871,-2.5825842696629167,2.9782608695652173,-90,12.460174781523097,0.88037686307823,0.9473684210526316,0.7372683968075402,0.42376153438908437,0.7245073472135187
28,Fred VanVleet,TOR,2021,42,42.857142857142854,36.80952380952381,20.142857142857142,0.5472186287192755,6.619047619047619,16.738095238095237,39.5448079658606,3.4047619047619047,9.119047619047619,37.33681462140992,3.5,3.9523809523809526,88.55421686746988,0.6666666666666666,3.642857142857143,4.309523809523809,6.190476190476191,1.9761904761904763,3.1325301204819276,1.6904761904761905,0.6904761904761905,0.4971550497866287,0.54507499613422,113.70006459948317,110.00038759689924,3.6996770025839254,2.4285714285714284,130,11.319509043927647,0.9523809523809526,0.8421052631578947,0.5225088523367001,0.6095306541394685,0.7191110628029513
29,Jordan Clarkson,UTA,2021,46,76.08695652173914,25.608695652173914,17.17391304347826,0.6706281833616299,6.260869565217392,14.869565217391305,42.10526315789473,3.0217391304347827,8.58695652173913,35.189873417721515,1.6304347826086956,1.7173913043478262,94.9367088607595,0.8043478260869565,3.1956521739130435,4.0,2.1739130434782608,1.7391304347826086,1.25,0.8478260869565217,0.15217391304347827,0.5226608187134503,0.54955757137292,116.23033898305087,106.64220338983051,9.588135593220358,1.391304347826087,238,11.300084745762714,0.5544829716580433,0.9473684210526316,0.6822578694102868,0.7836548622333939,0.7186592602259975
30,Malcolm Brogdon,IND,2021,43,48.837209302325576,35.372093023255815,21.53488372093023,0.608809993425378,8.162790697674419,17.651162790697676,46.24505928853755,2.7209302325581395,6.627906976744186,41.05263157894737,2.488372093023256,2.86046511627907,86.99186991869918,0.7906976744186046,3.9069767441860463,4.6976744186046515,5.953488372093023,2.1627906976744184,2.752688172043011,1.0465116279069768,0.23255813953488372,0.5395256916996047,0.5694116489571035,110.89671484888305,110.19737187910643,0.6993429697766231,1.9069767441860466,13,12.756570302233904,0.9013176917675247,0.868421052631579,0.602236552517897,0.5208095093036075,0.7067373850998236
31,Bojan Bogdanovic,UTA,2021,46,76.08695652173914,30.08695652173913,14.5,0.4819364161849711,4.739130434782608,11.5,41.209829867674856,2.391304347826087,6.217391304347826,38.46153846153847,2.630434782608696,3.0217391304347827,87.05035971223022,0.5,3.3043478260869565,3.8043478260869565,1.9130434782608696,1.4565217391304348,1.3134328358208955,0.4782608695652174,0.043478260869565216,0.5160680529300568,0.5651009895621527,117.89783236994221,108.33215317919077,9.565679190751439,1.673913043478261,261,7.83208092485549,0.7135686153370917,0.9473684210526316,0.43800348875308537,0.7829908169257208,0.6947691358231091
32,Jerami Grant,DET,2021,43,27.906976744186046,35.04651162790697,22.6046511627907,0.6449900464499004,7.4186046511627906,17.511627906976745,42.363877822045154,2.255813953488372,6.441860465116279,35.018050541516246,5.511627906976744,6.348837209302325,86.81318681318682,0.6976744186046512,4.209302325581396,4.906976744186046,2.7674418604651163,2.0,1.3837209302325582,0.7209302325581395,1.0930232558139534,0.48804780876494025,0.5566245189664651,108.46686547382374,110.44804506295563,-1.9811795891318837,2.488372093023256,-68,11.54208084824387,0.8897517452187202,0.868421052631579,0.6490702675012108,0.4415453248547193,0.6944917159758216
33,Anthony Davis,LAL,2021,23,73.91304347826086,32.869565217391305,22.52173913043478,0.6851851851851852,8.869565217391305,16.652173913043477,53.26370757180157,0.7391304347826086,2.5217391304347827,29.310344827586203,4.043478260869565,5.6521739130434785,71.53846153846153,2.0434782608695654,6.3478260869565215,8.391304347826088,3.0434782608695654,1.9565217391304348,1.5555555555555556,1.3478260869565217,1.7826086956521738,0.5548302872062664,0.5883689232167197,115.36243386243387,106.20648148148149,9.155952380952385,1.826086956521739,135,16.383597883597883,0.8124179473318405,0.34210526315789475,0.7011013596051154,0.7708750220716044,0.6922704566617686
34,John Collins,ATL,2021,46,50.0,30.52173913043478,18.391304347826086,0.6025641025641025,7.1521739130434785,13.152173913043478,54.3801652892562,1.3043478260869565,3.4130434782608696,38.21656050955414,2.782608695652174,3.3260869565217392,83.66013071895425,2.130434782608696,5.717391304347826,7.8478260869565215,1.3478260869565217,1.2391304347826086,1.087719298245614,0.5434782608695652,1.065217391304348,0.5933884297520661,0.6291646834840552,114.97622427253371,111.52540809084458,3.4508161816891345,3.282608695652174,109,12.920865862313699,0.7290138234612713,0.9473684210526316,0.5941514822109079,0.6021717345348006,0.6922012656646269
35,Pascal Siakam,TOR,2021,38,39.473684210526315,35.26315789473684,20.13157894736842,0.5708955223880597,7.2631578947368425,16.210526315789473,44.8051948051948,1.236842105263158,4.2105263157894735,29.375,4.368421052631579,5.2894736842105265,82.58706467661692,1.868421052631579,5.5,7.368421052631579,4.7105263157894735,2.0789473684210527,2.2658227848101267,1.0789473684210527,0.6578947368421053,0.4862012987012987,0.5429844983249106,114.73904619970193,111.40089418777943,3.338152011922503,3.236842105263158,95,11.882712369597614,0.8974478825839023,0.736842105263158,0.5531576987887072,0.5988402074400241,0.692008025254604
36,Chris Paul,PHX,2021,44,68.18181818181817,31.886363636363637,15.954545454545455,0.5003563791874555,6.0227272727272725,12.522727272727273,48.09437386569873,1.3636363636363635,3.75,36.36363636363637,2.5454545454545454,2.7045454545454546,94.11764705882352,0.4090909090909091,4.295454545454546,4.704545454545454,8.545454545454545,2.340909090909091,3.650485436893204,1.3863636363636365,0.25,0.5353901996370236,0.5817422434367542,113.58046875,106.32784090909094,7.2526278409090565,2.477272727272727,214,14.569389204545455,0.7774907153237527,0.8947368421052633,0.46184743659574956,0.7145929113664734,0.6914757248952983
37,Domantas Sabonis,IND,2021,45,46.666666666666664,36.111111111111114,20.444444444444443,0.5661538461538461,7.666666666666667,14.577777777777778,52.59146341463414,0.8,2.6,30.76923076923077,4.311111111111111,5.977777777777778,72.11895910780669,2.511111111111111,8.777777777777779,11.28888888888889,6.133333333333334,3.422222222222222,1.7922077922077921,1.1777777777777778,0.5555555555555556,0.5533536585365854,0.5940389482927837,109.04717791411046,111.33852760736195,-2.2913496932514903,3.4444444444444446,-83,14.594785276073619,0.9275705545687787,0.9210526315789473,0.5470197776213227,0.4323734638450965,0.6827452741069896
38,RJ Barrett,NYK,2021,47,51.06382978723404,34.02127659574468,17.361702127659573,0.5103189493433395,6.595744680851064,14.872340425531915,44.34907010014306,1.1702127659574468,3.5106382978723403,33.33333333333333,3.0,4.1063829787234045,73.05699481865285,1.148936170212766,4.9787234042553195,6.127659574468085,3.148936170212766,2.0,1.574468085106383,0.723404255319149,0.23404255319148937,0.48283261802575106,0.5204612715583223,108.0890625,106.93812500000001,1.1509374999999835,2.595744680851064,42,9.962437500000002,0.8533313177884436,0.9736842105263157,0.47474360816481,0.5341633503376143,0.6789808816378002
39,Joe Harris,BKN,2021,47,68.08510638297872,30.680851063829788,14.085106382978724,0.4590846047156727,5.1063829787234045,10.02127659574468,50.955414012738856,3.2127659574468086,6.617021276595745,48.55305466237942,0.6595744680851063,0.9148936170212766,72.09302325581395,0.5106382978723404,2.9361702127659575,3.4468085106382977,1.7234042553191489,0.8085106382978723,2.1315789473684212,0.6170212765957447,0.2127659574468085,0.6698513800424628,0.675620509470934,118.11854671280275,110.81107266435987,7.307474048442884,2.127659574468085,258,8.429342560553634,0.7346661123918221,0.9736842105263157,0.4084226801102637,0.716214736892931,0.6781640437517884
40,Gordon Hayward,CHA,2021,41,53.65853658536586,34.390243902439025,19.78048780487805,0.575177304964539,7.146341463414634,15.121951219512194,47.25806451612903,1.951219512195122,4.780487804878049,40.816326530612244,3.5365853658536586,4.170731707317073,84.7953216374269,0.8292682926829268,4.902439024390244,5.7317073170731705,4.097560975609756,2.097560975609756,1.9534883720930232,1.2439024390243902,0.34146341463414637,0.5370967741935484,0.5832518267073241,111.45963172804532,110.61614730878189,0.843484419263433,1.7560975609756098,18,12.21480169971671,0.8664385045271414,0.8157894736842106,0.5587003049499373,0.5250718328572301,0.677413891940944
41,Jimmy Butler,MIA,2021,32,59.375,33.59375,21.46875,0.6390697674418605,7.15625,14.75,48.516949152542374,0.40625,1.96875,20.634920634920633,6.75,7.9375,85.03937007874016,2.09375,5.625,7.71875,7.28125,2.25,3.236111111111111,1.90625,0.375,0.4989406779661017,0.5884267507194738,109.1569173630455,105.58969359331476,3.567223769730731,1.4375,92,18.833054781801298,0.8381438721136769,0.5789473684210527,0.6414066894656477,0.6056139560893681,0.6758971065405932
42,Mikal Bridges,PHX,2021,45,68.88888888888889,32.82222222222222,13.4,0.4082599864590386,4.955555555555556,9.4,52.71867612293144,1.8,4.355555555555555,41.3265306122449,1.6888888888888889,2.022222222222222,83.51648351648352,1.2666666666666666,3.6444444444444444,4.911111111111111,2.4,0.8666666666666667,2.769230769230769,0.9111111111111111,0.8888888888888888,0.6229314420803782,0.6511316516931582,116.24282814614344,108.83267929634638,7.410148849797054,1.5555555555555556,203,10.431596752368062,0.8107361357805409,0.9210526315789473,0.3426321274000844,0.7192508741437601,0.6731860107658135
43,Ben Simmons,PHI,2021,38,71.05263157894737,34.05263157894737,15.868421052631579,0.4659969088098918,6.157894736842105,11.052631578947368,55.714285714285715,0.07894736842105263,0.23684210526315788,33.33333333333333,3.473684210526316,5.394736842105263,64.39024390243902,1.7894736842105263,6.157894736842105,7.947368421052632,7.526315789473684,3.6578947368421053,2.0575539568345325,1.5,0.6842105263157895,0.5607142857142857,0.5909447275578205,114.04325366229762,107.08812644564377,6.95512721665385,3.210526315789474,201,13.035080956052427,0.8544451715434236,0.736842105263158,0.41737039722961766,0.70579569222864,0.6720140816805557
44,Deandre Ayton,PHX,2021,45,68.88888888888889,30.57777777777778,14.777777777777779,0.48328488372093026,6.355555555555555,10.422222222222222,60.98081023454158,0.08888888888888889,0.37777777777777777,23.52941176470588,1.9777777777777779,2.577777777777778,76.72413793103449,3.3555555555555556,7.6,10.955555555555556,1.488888888888889,1.6444444444444444,0.9054054054054054,0.35555555555555557,1.1111111111111112,0.6140724946695096,0.6393738943158219,115.59717186366932,109.14104423495284,6.456127628716473,3.066666666666667,173,13.53502538071066,0.7310045391750544,0.9210526315789473,0.4397490291534978,0.6910400636118478,0.670172911767271
45,Bam Adebayo,MIA,2021,41,46.34146341463415,33.73170731707317,19.365853658536587,0.57411424439624,7.2926829268292686,12.902439024390244,56.52173913043478,0.04878048780487805,0.17073170731707318,28.57142857142857,4.7317073170731705,5.658536585365853,83.62068965517241,2.4146341463414633,7.195121951219512,9.609756097560975,5.2926829268292686,2.731707317073171,1.9375,0.8780487804878049,1.170731707317073,0.5671077504725898,0.629080306775686,108.4000720461095,107.67903458213259,0.7210374639769128,2.2439024390243905,19,16.987752161383288,0.8430446649049086,0.8157894736842106,0.5573242131119301,0.5214510246619103,0.6695118027368132
46,Norman Powell,POR,2021,44,43.18181818181818,30.477272727272727,19.5,0.639821029082774,6.636363636363637,13.295454545454545,49.914529914529915,2.8181818181818183,6.318181818181818,44.60431654676259,3.409090909090909,4.0227272727272725,84.7457627118644,0.45454545454545453,2.522727272727273,2.977272727272727,1.7727272727272727,1.8636363636363635,0.9512195121951219,1.1363636363636365,0.20454545454545456,0.6051282051282051,0.6471759594496741,112.83080357142859,112.92150297619048,-0.09069940476189231,2.409090909090909,-6,10.566964285714286,0.7274341999031166,0.8947368421052633,0.6423791693441209,0.49744762253651464,0.667352554993846
47,Terry Rozier,CHA,2021,43,51.162790697674424,33.30232558139535,20.511627906976745,0.6159217877094972,7.255813953488372,15.255813953488373,47.5609756097561,3.3488372093023258,8.046511627906977,41.61849710982659,2.6511627906976742,3.13953488372093,84.44444444444444,0.5116279069767442,3.395348837209302,3.9069767441860463,3.441860465116279,1.8837209302325582,1.8271604938271604,1.302325581395349,0.32558139534883723,0.5853658536585366,0.6164383561643836,110.76998607242342,112.74505571030642,-1.9750696378829957,1.7906976744186047,-63,11.586699164345404,0.8277913172786981,0.868421052631579,0.6114425021691219,0.4417259986942869,0.6668232897337637
48,Jrue Holiday,MIL,2021,35,68.57142857142857,31.34285714285714,16.114285714285714,0.5141294439380127,6.371428571428571,12.914285714285715,49.336283185840706,1.8,4.742857142857143,37.95180722891566,1.5714285714285714,1.9142857142857144,82.08955223880598,1.1714285714285715,3.257142857142857,4.428571428571429,5.142857142857143,1.8857142857142857,2.727272727272727,1.7714285714285714,0.5142857142857142,0.5630530973451328,0.5856941098280302,117.28779599271402,108.45109289617488,8.83670309653914,1.6857142857142857,198,11.467122040072859,0.758183202232936,0.6578947368421053,0.4796761497968365,0.7614346858652152,0.6650228054597189
49,Dennis Schroder,LAL,2021,43,69.76744186046511,31.790697674418606,15.372093023255815,0.48354059985369424,5.255813953488372,12.046511627906977,43.62934362934363,0.9767441860465116,3.0697674418604652,31.818181818181817,3.883720930232558,4.627906976744186,83.91959798994975,0.5116279069767442,3.0232558139534884,3.5348837209302326,4.906976744186046,2.7209302325581395,1.8034188034188035,1.1627906976744187,0.23255813953488372,0.4768339768339768,0.5457758108197371,112.25738304093565,106.89678362573096,5.360599415204689,2.7209302325581395,160,9.38625730994152,0.7740922797306788,0.868421052631579,0.4400800440492024,0.6586448315343688,0.6645569152466768
50,Nikola Vucevic,CHI,2021,46,32.608695652173914,33.869565217391305,24.391304347826086,0.7201540436456996,9.869565217391305,20.369565217391305,48.45250800426895,2.5869565217391304,6.434782608695652,40.2027027027027,2.0652173913043477,2.4782608695652173,83.33333333333334,1.9565217391304348,9.673913043478262,11.630434782608695,3.8260869565217392,1.8478260869565217,2.070588235294118,0.9130434782608695,0.6304347826086957,0.548025613660619,0.5682969326147738,104.95102432778492,114.09871959026889,-9.147695262483964,1.8695652173913044,-305,17.332266325224072,0.8479419260174532,0.9473684210526316,0.7463672288762726,0.22962842891196222,0.6639784169662675
51,Michael Porter Jr.,DEN,2021,36,61.111111111111114,29.75,16.25,0.5462184873949579,6.166666666666667,11.694444444444445,52.73159144893111,2.4444444444444446,5.555555555555555,44.0,1.4722222222222223,1.9722222222222223,74.64788732394366,1.6111111111111112,5.777777777777778,7.388888888888889,0.9444444444444444,1.0555555555555556,0.8947368421052632,0.6666666666666666,0.9166666666666666,0.6318289786223278,0.6467804705466124,120.59804287045667,112.61705498602052,7.980987884436146,2.0555555555555554,185,11.703448275862065,0.7015985790408528,0.6842105263157894,0.521214207088547,0.7361308255479679,0.6581340420923059
52,Montrezl Harrell,LAL,2021,47,63.829787234042556,25.29787234042553,15.170212765957446,0.599663582842725,6.212765957446808,9.74468085106383,63.75545851528385,0.0,0.19148936170212766,0.0,2.74468085106383,3.9361702127659575,69.72972972972973,2.5531914893617023,4.25531914893617,6.808510638297872,1.0851063829787233,1.127659574468085,0.9622641509433962,0.723404255319149,0.7872340425531915,0.6375545851528385,0.6609195402298851,108.90311185870479,103.91345668629107,4.98965517241372,2.0425531914893615,130,15.50084104289319,0.5434412909565021,0.9736842105263157,0.5903968687546367,0.6476758535703075,0.6565126284335113
53,Joe Ingles,UTA,2021,42,73.80952380952381,26.571428571428573,11.976190476190476,0.4507168458781362,4.095238095238095,7.642857142857143,53.58255451713395,2.6904761904761907,5.476190476190476,49.130434782608695,1.0952380952380953,1.2619047619047619,86.79245283018868,0.42857142857142855,3.238095238095238,3.6666666666666665,4.309523809523809,1.5,2.873015873015873,0.6428571428571429,0.21428571428571427,0.7118380062305296,0.7304251858736059,117.6220930232558,105.7942754919499,11.827817531305897,1.7142857142857142,266,12.08067978533095,0.5886830753615835,0.8421052631578947,0.3975909316830111,0.8498832032922146,0.6500111252981311
54,CJ McCollum,POR,2021,21,66.66666666666666,32.904761904761905,24.238095238095237,0.7366136034732272,8.666666666666666,19.666666666666668,44.06779661016949,4.190476190476191,10.380952380952381,40.36697247706422,2.7142857142857144,3.0952380952380953,87.6923076923077,0.5238095238095238,3.3333333333333335,3.857142857142857,4.666666666666667,1.3333333333333333,3.5,1.0,0.47619047619047616,0.5472154963680388,0.5763134057971014,117.8017366136035,115.06989869753978,2.7318379160637107,1.7619047619047619,45,13.089290882778583,0.8136682737037979,0.28947368421052627,0.7676735086982162,0.5809112434891737,0.6495902501011174
55,Collin Sexton,CLE,2021,40,35.0,36.0,23.925,0.6645833333333333,8.825,18.525,47.638326585695005,1.675,4.475,37.43016759776536,4.6,5.725,80.34934497816593,0.775,2.075,2.85,4.2,2.725,1.5412844036697249,1.15,0.1,0.5215924426450742,0.5684518152442501,103.86511789181691,112.14341192787793,-8.278294036061027,2.725,-213,11.087864077669906,0.9236234458259327,0.7894736842105263,0.674433038884189,0.2553369904542825,0.646124341815496
56,Andrew Wiggins,GSW,2021,47,48.93617021276596,32.319148936170215,18.170212765957448,0.5622119815668203,6.829787234042553,14.404255319148936,47.41506646971935,2.021276595744681,5.085106382978723,39.74895397489539,2.4893617021276597,3.5319148936170213,70.48192771084338,1.0425531914893618,3.702127659574468,4.74468085106383,2.234042553191489,1.9361702127659575,1.1538461538461537,0.9148936170212766,0.9361702127659575,0.5443131462333826,0.5693029705082396,106.60348226018397,109.76268068331143,-3.1591984231274637,2.1702127659574466,-101,9.788633377135348,0.7928649710895281,0.9736842105263157,0.5419171824856422,0.40671081028151934,0.6453734363436207
57,Harrison Barnes,SAC,2021,44,50.0,35.90909090909091,15.704545454545455,0.43734177215189873,5.318181818181818,10.909090909090908,48.75,1.5,4.136363636363637,36.26373626373626,3.5681818181818183,4.318181818181818,82.63157894736842,1.0454545454545454,5.5,6.545454545454546,3.5681818181818183,1.4772727272727273,2.4153846153846152,0.7045454545454546,0.1590909090909091,0.55625,0.6130234208658623,115.35604048070842,116.0292852624921,-0.67324478178368,1.2727272727272727,-7,10.958823529411761,0.9203939932181495,0.8947368421052633,0.3802774028622865,0.48022150964272714,0.6433134377069821
58,Buddy Hield,SAC,2021,47,46.808510638297875,34.95744680851064,16.70212765957447,0.47778454047474134,5.680851063829787,14.23404255319149,39.91031390134529,4.0,10.382978723404255,38.52459016393443,1.3404255319148937,1.574468085106383,85.13513513513513,0.425531914893617,4.148936170212766,4.574468085106383,3.2127659574468086,1.7234042553191489,1.8641975308641976,0.7659574468085106,0.3404255319148936,0.5396113602391629,0.5594674724898797,115.22974452554745,118.23412408759124,-3.0043795620437947,2.595744680851064,-81,7.601338199513382,0.8865878084728469,0.9736842105263157,0.4326290421339153,0.4112888694067145,0.6423153201405931
59,Dejounte Murray,SAS,2021,43,53.48837209302325,31.511627906976745,15.674418604651162,0.4974169741697417,6.558139534883721,14.395348837209303,45.55735056542811,0.9302325581395349,2.9767441860465116,31.25,1.627906976744186,2.0,81.3953488372093,0.6511627906976745,6.325581395348837,6.976744186046512,5.27906976744186,1.697674418604651,3.1095890410958904,1.441860465116279,0.11627906976744186,0.4878836833602585,0.5130625418671213,111.2218450184502,108.97217712177118,2.2496678966790142,2.0,54,12.545756457564574,0.7641786112602753,0.868421052631579,0.458042487588991,0.5666532723241053,0.6411928403274656
60,Dillon Brooks,MEM,2021,41,51.21951219512195,29.170731707317074,16.121951219512194,0.552675585284281,6.024390243902439,15.146341463414634,39.77455716586151,1.829268292682927,5.7317073170731705,31.914893617021278,2.2439024390243905,2.6341463414634148,85.18518518518519,0.8780487804878049,2.073170731707317,2.951219512195122,2.4634146341463414,1.9268292682926829,1.2784810126582278,1.2682926829268293,0.3902439024390244,0.4581320450885668,0.4943756357326632,111.68196994991654,108.06327212020034,3.618697829716197,3.4390243902439024,64,5.859599332220366,0.6810206645583332,0.8157894736842106,0.5295726769327714,0.607136065788263,0.6405399481839854
61,Donte DiVincenzo,MIL,2021,45,64.44444444444444,27.288888888888888,10.6,0.38843648208469056,3.977777777777778,9.444444444444445,42.11764705882353,1.9555555555555555,5.111111111111111,38.26086956521739,0.6888888888888889,1.0222222222222221,67.3913043478261,1.2444444444444445,4.177777777777778,5.4222222222222225,3.022222222222222,1.3555555555555556,2.2295081967213113,1.1333333333333333,0.2,0.5247058823529411,0.5356661575779355,118.12006498781481,107.487327376117,10.63273761169782,1.5333333333333334,285,8.704792851340374,0.6141701203868166,0.9210526315789473,0.3169713481522093,0.8145441852100279,0.6378561911706796
62,Tim Hardaway Jr.,DAL,2021,44,54.54545454545454,29.272727272727273,16.84090909090909,0.5753105590062112,5.954545454545454,13.159090909090908,45.25043177892919,3.022727272727273,7.613636363636363,39.701492537313435,1.9090909090909092,2.4318181818181817,78.50467289719626,0.3181818181818182,3.1136363636363638,3.4318181818181817,1.75,0.9090909090909091,1.925,0.5,0.13636363636363635,0.5673575129533679,0.5917774086378738,114.05885093167703,113.47981366459629,0.5790372670807358,1.5681818181818181,9,10.298757763975157,0.6846439528499921,0.8947368421052633,0.558872797284424,0.517252018851961,0.6377122196485767
63,Will Barton,DEN,2021,43,62.7906976744186,30.930232558139537,12.465116279069768,0.4030075187969925,4.72093023255814,10.906976744186046,43.28358208955223,1.7209302325581395,4.5813953488372094,37.56345177664975,1.302325581395349,1.7674418604651163,73.68421052631578,0.6744186046511628,3.4186046511627906,4.093023255813954,3.046511627906977,1.6744186046511629,1.8194444444444444,0.8837209302325582,0.4883720930232558,0.511727078891258,0.5333970225300534,118.50562218890559,111.99160419790104,6.51401799100455,1.627906976744186,185,7.501649175412292,0.7435251352802679,0.868421052631579,0.33583300598153354,0.6927519060803863,0.6365267701944528
64,DeMar DeRozan,SAS,2021,37,51.35135135135135,33.78378378378378,20.405405405405407,0.604,7.027027027027027,14.378378378378379,48.87218045112782,0.4864864864864865,1.6216216216216217,30.0,5.864864864864865,6.648648648648648,88.21138211382113,0.5945945945945946,3.7837837837837838,4.378378378378378,7.162162162162162,1.7567567567567568,4.076923076923077,1.027027027027027,0.2702702702702703,0.5056390977443609,0.589622641509434,111.57276357827476,114.30543130990414,-2.732667731629377,1.8918918918918919,-64,14.246725239616612,0.8448946281983583,0.7105263157894737,0.5960101973214831,0.41932350301624594,0.6350003935478076
65,Russell Westbrook,WAS,2021,38,34.21052631578947,34.94736842105263,21.789473684210527,0.6234939759036144,8.236842105263158,18.92105263157895,43.5326842837274,1.3157894736842106,4.157894736842105,31.645569620253166,4.0,6.5,61.53846153846154,1.5,8.631578947368421,10.131578947368421,10.526315789473685,4.947368421052632,2.127659574468085,1.2894736842105263,0.42105263157894735,0.47009735744089015,0.5001933114247051,106.36543951915851,112.11517655897822,-5.749737039819706,2.8684210526315788,-182,15.115326821938392,0.8862297840516034,0.736842105263158,0.6212444143842016,0.3301074890175216,0.6330391837095969
66,Ja Morant,MEM,2021,36,50.0,31.666666666666668,19.055555555555557,0.6017543859649123,6.888888888888889,15.722222222222221,43.81625441696113,0.8333333333333334,3.5555555555555554,23.4375,4.444444444444445,5.833333333333333,76.19047619047619,0.9444444444444444,2.4444444444444446,3.388888888888889,7.472222222222222,2.861111111111111,2.6116504854368934,0.8611111111111112,0.19444444444444445,0.46466431095406363,0.5209599027946538,112.19807186678351,112.07440841367222,0.12366345311129123,1.5555555555555556,3,11.016827344434706,0.769686204854944,0.6842105263157894,0.5931033345921625,0.5037864228010308,0.6324250463345035
67,Karl-Anthony Towns,MIN,2021,27,25.925925925925924,33.74074074074074,24.11111111111111,0.7145993413830956,8.555555555555555,17.25925925925926,49.57081545064378,2.3703703703703702,5.851851851851852,40.50632911392405,4.62962962962963,5.37037037037037,86.20689655172413,2.7777777777777777,7.703703703703703,10.481481481481481,4.296296296296297,3.3333333333333335,1.288888888888889,0.7777777777777778,1.5555555555555556,0.5643776824034334,0.6143827859569649,111.668818380744,114.54945295404814,-2.8806345733041354,3.4444444444444446,-48,15.712363238512031,0.8433655680547334,0.4473684210526316,0.7391768761587783,0.4149480609995956,0.6297839800913324
68,Kristaps Porzingis,DAL,2021,29,58.620689655172406,30.413793103448278,20.413793103448278,0.671201814058957,7.724137931034483,16.06896551724138,48.06866952789699,2.2758620689655173,6.241379310344827,36.46408839779006,2.689655172413793,3.206896551724138,83.87096774193549,1.896551724137931,7.0344827586206895,8.931034482758621,1.5862068965517242,1.2758620689655173,1.2432432432432432,0.41379310344827586,1.5862068965517242,0.5515021459227468,0.5839185670322733,116.20984162895927,114.42352941176472,1.7863122171945491,2.7586206896551726,18,14.233031674208146,0.7251791510994061,0.49999999999999994,0.6830004127273485,0.5529516491379711,0.6283481876085153
69,Patty Mills,SAS,2021,43,53.48837209302325,25.74418604651163,12.790697674418604,0.4968383017163505,4.441860465116279,10.13953488372093,43.80733944954128,2.7209302325581395,6.906976744186046,39.39393939393939,1.186046511627907,1.302325581395349,91.07142857142857,0.27906976744186046,1.372093023255814,1.6511627906976745,2.511627906976744,1.0232558139534884,2.4545454545454546,0.6744186046511628,0.023255813953488372,0.5722477064220184,0.5969954845432442,109.63321299638989,102.14359205776174,7.48962093862815,1.255813953488372,153,9.027527075812275,0.5592961295386014,0.868421052631579,0.45729341790873246,0.7216008973833374,0.6270858141620808
70,Seth Curry,PHI,2021,35,71.42857142857143,29.457142857142856,12.942857142857143,0.4393792434529583,4.628571428571429,9.971428571428572,46.41833810888252,2.0285714285714285,4.714285714285714,43.03030303030303,1.6571428571428573,1.8,92.06349206349206,0.17142857142857143,2.0,2.1714285714285713,2.857142857142857,1.4285714285714286,2.0,0.8857142857142857,0.22857142857142856,0.5659025787965616,0.6012423019749416,116.41066925315226,106.64888457807953,9.761784675072732,1.7142857142857142,239,8.068089233753637,0.6911951281400661,0.6578947368421053,0.38291483266748405,0.7887897389415128,0.6270597146757699
71,Royce O'Neale,UTA,2021,46,76.08695652173914,31.934782608695652,7.3478260869565215,0.23008849557522124,2.5434782608695654,5.586956521739131,45.525291828793776,1.673913043478261,4.043478260869565,41.39784946236559,0.5869565217391305,0.6956521739130435,84.375,1.2391304347826086,5.456521739130435,6.695652173913044,2.5,1.173913043478261,2.1296296296296298,0.8260869565217391,0.5,0.6050583657587548,0.6234321971373764,118.77416723317471,109.0148878314072,9.759279401767515,2.782608695652174,290,7.421685927940176,0.7792107498648546,0.9473684210526316,0.11199584788581674,0.7887156569515292,0.6238941503657967
72,Kyle Lowry,TOR,2021,39,30.76923076923077,34.61538461538461,17.025641025641026,0.4918518518518519,5.641025641025641,12.948717948717949,43.56435643564357,2.717948717948718,6.897435897435898,39.405204460966544,3.0256410256410255,3.4358974358974357,88.05970149253731,0.8461538461538461,4.589743589743589,5.435897435897436,7.282051282051282,2.8461538461538463,2.5585585585585586,1.0256410256410255,0.2564102564102564,0.5405940594059406,0.588694233633591,111.93760177646188,113.29644707623983,-1.358845299777954,3.1538461538461537,-32,11.425980754996298,0.874436398415084,0.763157894736842,0.4508386465026699,0.45994801269492314,0.6228081370004407
73,Clint Capela,ATL,2021,40,45.0,29.325,14.575,0.49701619778346123,6.4,10.925,58.58123569794051,0.0,0.0,,1.775,3.225,55.03875968992248,4.925,9.175,14.1,0.875,1.3,0.6730769230769231,0.75,2.15,0.585812356979405,0.5903677900194426,112.14799658994033,108.17101449275359,3.976982097186749,2.3,96,16.112446717817562,0.6865008880994672,0.7894736842105263,0.4575236976625534,0.6177306829339155,0.620618374348439
74,Shai Gilgeous-Alexander,OKC,2021,35,45.714285714285715,33.68571428571428,23.714285714285715,0.7039864291772688,8.2,16.142857142857142,50.796460176991154,2.0285714285714285,4.857142857142857,41.76470588235294,5.285714285714286,6.542857142857143,80.78602620087337,0.5428571428571428,4.2,4.742857142857143,5.914285714285715,3.0285714285714285,1.9528301886792452,0.7714285714285715,0.6571428571428571,0.5707964601769911,0.6233477529440039,107.05964467005076,114.93849407783418,-7.87884940778342,2.0,-185,14.662690355329946,0.8414108094392287,0.6578947368421053,0.7254388613180114,0.26714873685712054,0.6190155216982778
75,Brook Lopez,MIL,2021,46,63.04347826086957,27.108695652173914,11.282608695652174,0.4161988773055333,4.130434782608695,8.826086956521738,46.79802955665024,1.4565217391304348,4.369565217391305,33.33333333333333,1.565217391304348,1.8695652173913044,83.72093023255815,1.4782608695652173,3.5869565217391304,5.065217391304348,0.717391304347826,1.0,0.717391304347826,0.6521739130434783,1.391304347826087,0.5504926108374384,0.584670151405912,116.56522435897438,109.94407051282049,6.621153846153888,2.0217391304347827,184,7.869070512820512,0.6077689396864623,0.9473684210526316,0.3529087223773324,0.6959199585765028,0.617402127218567
76,Richaun Holmes,SAC,2021,43,51.162790697674424,30.372093023255815,14.372093023255815,0.47320061255742724,6.093023255813954,9.418604651162791,64.69135802469135,0.046511627906976744,0.18604651162790697,25.0,2.13953488372093,2.6511627906976742,80.7017543859649,2.627906976744186,6.372093023255814,9.0,1.7674418604651163,1.2325581395348837,1.4339622641509433,0.6976744186046512,1.697674418604651,0.6493827160493827,0.6788821513314,117.3364957918898,115.79502677888296,1.5414690130068465,3.744186046511628,40,12.216832440703904,0.7236977983394608,0.868421052631579,0.426695320217089,0.5457115321565669,0.6153719347993614
77,Chris Boucher,TOR,2021,47,38.297872340425535,23.29787234042553,13.382978723404255,0.5744292237442923,4.723404255319149,8.914893617021276,52.98329355608592,1.4893617021276595,3.6382978723404253,40.93567251461988,2.4468085106382977,3.1914893617021276,76.66666666666667,1.872340425531915,4.468085106382978,6.340425531914893,0.9361702127659575,0.7021276595744681,1.3333333333333333,0.48936170212765956,1.9361702127659575,0.6133651551312649,0.6484536082474227,115.02109589041093,111.597899543379,3.423196347031933,2.6808510638297873,59,12.747945205479452,0.4723933335852765,0.9736842105263157,0.5577319420061445,0.6013550043560374,0.614753239322218
78,Danny Green,PHI,2021,46,69.56521739130434,28.717391304347824,9.73913043478261,0.33913701741105223,3.391304347826087,8.173913043478262,41.48936170212766,2.5869565217391304,6.369565217391305,40.61433447098976,0.3695652173913043,0.5217391304347826,70.83333333333334,0.8043478260869565,2.782608695652174,3.5869565217391304,1.6304347826086956,1.1521739130434783,1.4150943396226414,1.326086956521739,0.8478260869565217,0.5731382978723404,0.5794701986754967,115.92885196374621,108.18995468277946,7.7388972809667536,1.891304347826087,227,6.7407099697885196,0.6649162097459265,0.9473684210526316,0.25315504927088395,0.7289721041326352,0.6147428588836132
79,Christian Wood,HOU,2021,23,39.130434782608695,31.08695652173913,21.47826086956522,0.6909090909090909,8.478260869565217,15.391304347826088,55.08474576271186,1.6956521739130435,4.478260869565218,37.86407766990291,2.8260869565217392,4.217391304347826,67.0103092783505,1.6956521739130435,8.08695652173913,9.782608695652174,1.3043478260869565,1.7826086956521738,0.7317073170731707,0.8260869565217391,1.391304347826087,0.6059322033898306,0.622668145608551,109.16531468531468,108.09678321678321,1.068531468531475,2.0,21,16.36797202797203,0.7490925940227044,0.34210526315789475,0.7085107398258426,0.5317265691748099,0.6101441914292203
80,Victor Oladipo,HOU,2021,29,34.48275862068966,33.3448275862069,20.82758620689655,0.6246122026887281,7.551724137931035,18.379310344827587,41.088180112570356,2.5517241379310347,7.655172413793103,33.33333333333333,3.1724137931034484,4.137931034482759,76.66666666666667,0.3103448275862069,4.724137931034483,5.0344827586206895,4.724137931034483,2.3793103448275863,1.9855072463768115,1.3448275862068966,0.41379310344827586,0.4803001876172608,0.5155343120518949,106.87407024793389,108.82716942148761,-1.9530991735537242,2.3448275862068964,-57,11.133677685950412,0.8293011575917193,0.49999999999999994,0.6226919168106139,0.4423756746058869,0.6097659684739546
81,Jonas Valanciunas,MEM,2021,39,48.717948717948715,27.641025641025642,16.102564102564102,0.5825602968460112,6.564102564102564,11.794871794871796,55.65217391304348,0.28205128205128205,0.9487179487179487,29.72972972972973,2.6923076923076925,3.5641025641025643,75.53956834532374,4.0,8.538461538461538,12.538461538461538,1.7179487179487178,1.8974358974358974,0.9054054054054054,0.5897435897435898,0.6923076923076923,0.5684782608695652,0.602502110676184,109.94916666666667,108.62250000000002,1.3266666666666538,2.948717948717949,29,15.277962962962963,0.6266794188641436,0.763157894736842,0.5682573096692678,0.53935973603242,0.608633568602402
82,Myles Turner,IND,2021,42,50.0,31.047619047619047,12.69047619047619,0.4087423312883436,4.428571428571429,9.285714285714286,47.69230769230769,1.4761904761904763,4.428571428571429,33.33333333333333,2.357142857142857,3.0,78.57142857142857,1.3571428571428572,5.071428571428571,6.428571428571429,1.0476190476190477,1.380952380952381,0.7586206896551724,0.9285714285714286,3.5238095238095237,0.5564102564102564,0.598284841954023,110.2499616858238,107.0151724137931,3.23478927203071,3.4761904761904763,80,9.137241379310346,0.747695170430517,0.8421052631578947,0.3432565046016335,0.5957837275560192,0.6084220554747598
83,Duncan Robinson,MIA,2021,47,48.93617021276596,32.680851063829785,12.702127659574469,0.388671875,4.191489361702128,9.872340425531915,42.456896551724135,3.3404255319148937,8.46808510638298,39.44723618090452,0.9787234042553191,1.1702127659574468,83.63636363636363,0.0851063829787234,3.6595744680851063,3.74468085106383,1.702127659574468,1.1702127659574468,1.4545454545454546,0.5531914893617021,0.2127659574468085,0.59375,0.6114297419090536,106.90739779364051,107.46171317326413,-0.5543153796236169,2.5106382978723403,0,7.095781959766388,0.8057140697630476,0.9736842105263157,0.31727605540891846,0.4837383023061136,0.6078639737182409
84,Nicolas Batum,LAC,2021,45,66.66666666666666,28.68888888888889,8.622222222222222,0.3005422153369481,2.9555555555555557,6.355555555555555,46.50349650349651,1.8444444444444446,4.311111111111111,42.78350515463917,0.8666666666666667,1.0222222222222221,84.78260869565217,0.8,4.0,4.8,2.3333333333333335,0.7555555555555555,3.088235294117647,1.1333333333333333,0.35555555555555557,0.6101398601398601,0.6334900731452455,117.49459041731066,108.77094281298301,8.723647604327653,1.6666666666666667,246,8.79049459041731,0.6639036905466746,0.9210526315789473,0.20319553265682955,0.7580915872004309,0.604318459772955
85,Enes Freedom,POR,2021,46,60.86956521739131,26.67391304347826,12.23913043478261,0.4588427057864711,5.1521739130434785,8.521739130434783,60.45918367346938,0.0,0.021739130434782608,0.0,1.934782608695652,2.4782608695652173,78.0701754385965,4.3478260869565215,7.369565217391305,11.717391304347826,1.2391304347826086,1.173913043478261,1.0555555555555556,0.5434782608695652,0.717391304347826,0.6045918367346939,0.6366473674687896,119.19187652315193,115.53614947197397,3.655727051177962,2.5869565217391304,79,14.24443541835906,0.5923237315622829,0.9473684210526316,0.4081095510637883,0.6082310355098157,0.6040606913548394
86,Gary Trent Jr.,TOR,2021,44,54.54545454545454,30.977272727272727,14.590909090909092,0.471019809244314,5.204545454545454,12.727272727272727,40.89285714285714,2.840909090909091,7.318181818181818,38.81987577639752,1.3409090909090908,1.75,76.62337662337663,0.5,1.8181818181818181,2.3181818181818183,1.4318181818181819,0.7272727272727273,1.96875,0.9090909090909091,0.13636363636363635,0.5205357142857143,0.5405132349969691,114.65860805860808,115.6558241758242,-0.9972161172161123,1.5909090909090908,-26,6.669743589743589,0.7451961892459229,0.8947368421052633,0.4238723525245932,0.4706415403928786,0.6040175518161799
87,Lonzo Ball,NOP,2021,38,42.10526315789473,31.63157894736842,14.18421052631579,0.44841930116472545,5.157894736842105,12.131578947368421,42.51626898047722,3.0,7.7894736842105265,38.513513513513516,0.868421052631579,1.131578947368421,76.74418604651163,0.5789473684210527,3.5789473684210527,4.157894736842105,5.552631578947368,2.0,2.776315789473684,1.3157894736842106,0.5526315789473685,0.5488069414316703,0.5615519253208868,117.43291873963514,115.3601160862355,2.0728026533996484,2.026315789473684,83,9.72976782752902,0.7684397494624662,0.736842105263158,0.39461684664791263,0.5614232923639286,0.60155918299377
88,Shake Milton,PHI,2021,38,76.31578947368422,24.657894736842106,13.842105263157896,0.5613660618996799,5.026315789473684,11.236842105263158,44.730679156908664,0.9736842105263158,3.210526315789474,30.327868852459016,2.8157894736842106,3.289473684210526,85.6,0.5789473684210527,1.7105263157894737,2.289473684210526,3.026315789473684,1.7105263157894737,1.7692307692307692,0.631578947368421,0.2894736842105263,0.49063231850117095,0.5456431535269709,108.80670926517573,103.45260915867945,5.354100106496276,2.236842105263158,111,9.745793397231097,0.5207067402075349,0.736842105263158,0.5408221713599598,0.6584526442302396,0.6003071470654571
89,Justin Holiday,IND,2021,45,46.666666666666664,31.933333333333334,11.466666666666667,0.35908141962421714,3.888888888888889,9.044444444444444,42.997542997543,2.6,6.5777777777777775,39.52702702702703,1.0888888888888888,1.3777777777777778,79.03225806451613,0.5777777777777777,3.1777777777777776,3.7555555555555555,1.711111111111111,0.8666666666666667,1.9743589743589745,1.2444444444444445,0.35555555555555557,0.5737100737100738,0.5940867642995303,109.94729542302355,108.43328710124825,1.514008321775293,2.022222222222222,21,7.110332871012482,0.779159265837774,0.9210526315789473,0.27897232621436535,0.5448995079161298,0.5981506737016945
90,Coby White,CHI,2021,44,43.18181818181818,31.545454545454547,15.045454545454545,0.4769452449567723,5.5227272727272725,13.5,40.909090909090914,2.25,6.409090909090909,35.1063829787234,1.75,1.9545454545454546,89.53488372093024,0.4772727272727273,4.090909090909091,4.568181818181818,4.636363636363637,2.25,2.0606060606060606,0.5227272727272727,0.1590909090909091,0.49242424242424243,0.5238668017219549,108.77753050969129,111.83015075376882,-3.0526202440775307,2.477272727272727,-83,8.806748025843502,0.7653802680445667,0.8947368421052633,0.4315426057196653,0.40986237205978704,0.594853472368387
91,Kyle Kuzma,LAL,2021,46,65.21739130434783,27.391304347826086,12.369565217391305,0.4515873015873016,4.804347826086956,10.956521739130435,43.84920634920635,2.0,5.456521739130435,36.65338645418327,0.7608695652173914,1.1956521739130435,63.63636363636363,1.891304347826087,4.956521739130435,6.8478260869565215,1.6304347826086956,1.6521739130434783,0.9868421052631579,0.45652173913043476,0.5217391304347826,0.5297619047619048,0.5386217341915941,105.58441455696203,103.70300632911393,1.8814082278480981,1.7608695652173914,73,10.245569620253162,0.6178083249671791,0.9473684210526316,0.3987177037903106,0.5557636783461364,0.5939364246175268
92,Kelly Oubre Jr.,GSW,2021,45,51.11111111111111,30.666666666666668,15.222222222222221,0.4963768115942029,5.7555555555555555,13.177777777777777,43.676222596964585,1.5555555555555556,5.111111111111111,30.434782608695656,2.1555555555555554,3.111111111111111,69.28571428571428,1.4666666666666666,4.488888888888889,5.955555555555556,1.3777777777777778,1.1777777777777778,1.169811320754717,1.0444444444444445,0.7777777777777778,0.4957841483979764,0.5232202871982891,106.55387400434466,110.16560463432293,-3.6117306299782683,2.2666666666666666,-127,8.84750181028241,0.7341622261693312,0.9210526315789473,0.456696036339567,0.39332924175351913,0.5929058728968992
93,Kemba Walker,BOS,2021,28,46.42857142857143,30.857142857142858,18.178571428571427,0.5891203703703703,6.178571428571429,15.607142857142858,39.588100686498855,2.857142857142857,8.035714285714286,35.55555555555556,2.9642857142857144,3.1785714285714284,93.25842696629213,0.2857142857142857,3.2142857142857144,3.5,4.607142857142857,2.2142857142857144,2.0806451612903225,1.1785714285714286,0.32142857142857145,0.4874141876430206,0.5344842069892473,112.33287037037039,111.40868055555558,0.9241898148148096,1.3214285714285714,29,11.027430555555554,0.7409286982999241,0.47368421052631576,0.5767490775918073,0.5274583254975345,0.5917207762901877
94,Malik Beasley,MIN,2021,35,20.0,32.91428571428571,19.97142857142857,0.6067708333333334,7.3428571428571425,16.542857142857144,44.38687392055268,3.4857142857142858,8.8,39.61038961038961,1.8,2.1142857142857143,85.13513513513513,0.8,3.7142857142857144,4.514285714285714,2.5142857142857142,1.6857142857142857,1.4915254237288136,0.8285714285714286,0.17142857142857143,0.5492227979274611,0.5714893060370201,108.22311688311692,114.3748051948052,-6.1516883116882894,1.7142857142857142,-167,10.019307359307358,0.8140065973103274,0.6578947368421053,0.5995969366364212,0.3182216201047713,0.5905772994566205
95,Doug McDermott,IND,2021,43,48.837209302325576,24.976744186046513,13.372093023255815,0.5353817504655494,5.209302325581396,10.093023255813954,51.61290322580645,1.697674418604651,4.488372093023256,37.82383419689119,1.255813953488372,1.5116279069767442,83.07692307692308,1.0465116279069768,2.744186046511628,3.7906976744186047,1.3953488372093024,0.8604651162790697,1.6216216216216217,0.27906976744186046,0.09302325581395349,0.6002304147465438,0.6214872460008647,112.04144981412641,109.93373605947957,2.107713754646838,1.744186046511628,54,9.729460966542748,0.5320335412449917,0.868421052631579,0.5071864595792475,0.5624556283759403,0.5890891904782605
96,Devonte' Graham,CHA,2021,35,48.57142857142857,30.2,13.885714285714286,0.4597918637653737,4.371428571428571,11.628571428571428,37.59213759213759,3.057142857142857,8.028571428571428,38.07829181494662,2.085714285714286,2.5714285714285716,81.11111111111111,0.42857142857142855,2.142857142857143,2.5714285714285716,5.142857142857143,1.542857142857143,3.3333333333333335,0.8571428571428571,0.05714285714285714,0.5073710073710074,0.5441110613524406,109.48774740810558,106.15325164938739,3.334495758718191,1.457142857142857,88,9.618190386427898,0.7175843694493784,0.6578947368421053,0.40933820029290735,0.598732090488195,0.5888598453430979
97,Robert Covington,POR,2021,44,63.63636363636363,32.36363636363637,8.863636363636363,0.273876404494382,3.0454545454545454,7.5227272727272725,40.483383685800604,2.0454545454545454,5.363636363636363,38.13559322033898,0.7272727272727273,0.8863636363636364,82.05128205128204,0.7954545454545454,6.0227272727272725,6.818181818181818,1.75,1.1363636363636365,1.54,1.6363636363636365,1.2954545454545454,0.540785498489426,0.5600873161764706,118.60553608969866,114.54681149264192,4.058724597056738,2.75,104,7.818290119131044,0.7944453415146135,0.8947368421052633,0.16867764557818887,0.6201478431870441,0.5883086267085923
98,Anthony Edwards,MIN,2021,47,23.404255319148938,30.48936170212766,17.170212765957448,0.5631542219120725,6.340425531914893,16.425531914893618,38.60103626943005,2.106382978723404,6.829787234042553,30.8411214953271,2.382978723404255,3.0851063829787235,77.24137931034483,0.8085106382978723,3.617021276595745,4.425531914893617,2.4893617021276597,1.9787234042553192,1.2580645161290323,1.0,0.3617021276595745,0.45012953367875647,0.4827709978463748,106.46675958188152,114.55533101045297,-8.088571428571456,1.7234042553191489,-255,7.7184668989547065,0.7278636483881942,0.9736842105263157,0.5431368770987324,0.26094716810572555,0.587050002786797
99,LaMelo Ball,CHA,2021,41,48.78048780487805,28.585365853658537,15.902439024390244,0.5563139931740614,5.780487804878049,12.829268292682928,45.05703422053232,1.975609756097561,5.2682926829268295,37.5,2.3658536585365852,3.0,78.86178861788618,1.3170731707317074,4.536585365853658,5.853658536585366,6.121951219512195,2.8048780487804876,2.1826086956521737,1.5853658536585367,0.34146341463414637,0.5275665399239544,0.5619526994414948,110.40817021276597,112.74765957446812,-2.3394893617021495,2.8292682926829267,-40,12.237531914893614,0.6602261404496816,0.8157894736842106,0.5342824588114083,0.43094995351249366,0.5870245603465422
100,Jae Crowder,PHX,2021,42,66.66666666666666,27.904761904761905,10.023809523809524,0.35921501706484643,3.380952380952381,8.523809523809524,39.66480446927375,2.380952380952381,6.404761904761905,37.174721189591075,0.8809523809523809,1.0714285714285714,82.22222222222221,0.5,4.523809523809524,5.023809523809524,2.0952380952380953,0.8809523809523809,2.3783783783783785,0.8333333333333334,0.30952380952380953,0.5363128491620112,0.5571731074642667,111.92397959183677,105.44617346938777,6.477806122448996,1.8095238095238095,147,8.74625850340136,0.6360483802757337,0.8421052631578947,0.27914526306585896,0.6916811058295594,0.5861941736070233
101,John Wall,HOU,2021,32,34.375,31.8125,20.1875,0.6345776031434185,7.15625,17.90625,39.9650959860384,1.9375,6.09375,31.794871794871792,3.9375,5.28125,74.55621301775149,0.46875,2.90625,3.375,6.78125,3.375,2.009259259259259,1.03125,0.78125,0.4537521815008726,0.4989495798319328,105.96209598432908,110.99157688540649,-5.029480901077406,1.21875,-123,11.717727717923607,0.7748667850799291,0.5789473684210527,0.6355917520948027,0.35140576731104983,0.5859118805380162
102,Bobby Portis,MIL,2021,43,67.44186046511628,21.0,11.046511627906977,0.5260243632336655,4.627906976744186,8.604651162790697,53.783783783783775,1.1395348837209303,2.372093023255814,48.03921568627451,0.6511627906976745,0.8837209302325582,73.68421052631578,1.7674418604651163,5.046511627906977,6.813953488372093,1.069767441860465,0.7906976744186046,1.3529411764705883,0.7674418604651163,0.3953488372093023,0.6040540540540541,0.6141394290442697,113.82671081677702,106.99381898454747,6.832891832229549,1.8372093023255813,118,12.921964679911701,0.3907637655417407,0.868421052631579,0.4950736744954469,0.7021811402730938,0.5852879785372389
103,Serge Ibaka,LAC,2021,39,61.53846153846154,23.564102564102566,10.948717948717949,0.4646354733405876,4.512820512820513,8.897435897435898,50.720461095100866,0.9743589743589743,2.769230769230769,35.18518518518518,0.9487179487179487,1.1538461538461537,82.22222222222221,1.7435897435897436,4.948717948717949,6.6923076923076925,1.7435897435897436,1.1282051282051282,1.5454545454545454,0.23076923076923078,1.1794871794871795,0.5619596541786743,0.58206106870229,118.26260869565218,109.80000000000001,8.462608695652165,1.8974358974358974,163,11.260000000000002,0.48185089037664536,0.763157894736842,0.4156080703282625,0.7503725563954764,0.5845674915578525
104,Rudy Gay,SAS,2021,37,54.054054054054056,21.513513513513512,10.81081081081081,0.5025125628140703,3.972972972972973,9.702702702702704,40.947075208913645,1.6216216216216217,4.1891891891891895,38.70967741935484,1.2432432432432432,1.5945945945945945,77.96610169491525,0.7837837837837838,4.162162162162162,4.945945945945946,1.5135135135135136,1.0810810810810811,1.4,0.7567567567567568,0.5675675675675675,0.49303621169916434,0.5195344970906068,108.93525721455458,98.6340025094103,10.301254705144288,1.8108108108108107,166,10.445671267252195,0.40900580865056885,0.7105263157894737,0.46463853503201014,0.8047420956288787,0.5843877343802855
105,Thaddeus Young,CHI,2021,41,43.90243902439025,24.902439024390244,12.024390243902438,0.4828599412340842,5.585365853658536,9.414634146341463,59.32642487046632,0.14634146341463414,0.6097560975609756,24.0,0.7073170731707317,1.3170731707317074,53.70370370370371,2.4146341463414633,3.951219512195122,6.365853658536586,4.365853658536586,2.073170731707317,2.1058823529411765,1.3170731707317074,0.6097560975609756,0.6010362694300518,0.6015716516985553,115.14824218750002,110.2517578125,4.896484375000014,2.5121951219512195,110,12.968554687499998,0.5293939262660834,0.8157894736842106,0.43919895712071877,0.6449207537309474,0.5836998921556683
106,P.J. Washington,CHA,2021,41,53.65853658536586,30.0,11.926829268292684,0.3975609756097561,4.2682926829268295,9.682926829268293,44.08060453400503,1.3658536585365855,3.5853658536585367,38.095238095238095,2.024390243902439,2.6097560975609757,77.57009345794393,1.5121951219512195,5.146341463414634,6.658536585365853,2.8292682926829267,2.2195121951219514,1.2747252747252746,1.0,1.2926829268292683,0.5113350125944585,0.5505764727076202,110.77522339561331,108.91088545897645,1.8643379366368578,2.7804878048780486,51,8.802274573517465,0.710479573712256,0.8157894736842106,0.32878266111049514,0.5552589026237059,0.5784136464138253
107,OG Anunoby,TOR,2021,29,41.37931034482759,33.48275862068966,14.655172413793103,0.4376930998970134,5.275862068965517,10.89655172413793,48.41772151898734,2.310344827586207,5.689655172413793,40.60606060606061,1.793103448275862,2.3793103448275863,75.36231884057972,1.4827586206896552,4.413793103448276,5.896551724137931,1.8275862068965518,1.793103448275862,1.0192307692307692,1.6551724137931034,0.7931034482758621,0.5901898734177216,0.6135235015590714,110.75509783728116,108.5150360453141,2.240061791967051,2.8275862068965516,58,9.77167868177137,0.8342010167207696,0.49999999999999994,0.3807321833864963,0.5663692157496908,0.5782958390801862
108,Alec Burks,NYK,2021,35,51.42857142857142,26.4,13.028571428571428,0.4935064935064935,4.4,10.4,42.30769230769231,2.0285714285714285,4.9714285714285715,40.804597701149426,2.2,2.5714285714285716,85.55555555555556,0.5142857142857142,4.0,4.514285714285714,2.2285714285714286,1.0285714285714285,2.1666666666666665,0.7714285714285715,0.2857142857142857,0.5206043956043956,0.5649157581764123,110.26077586206897,105.2626077586207,4.998168103448265,2.0285714285714285,101,11.253556034482758,0.5825932504440496,0.6578947368421053,0.4529805177597541,0.6479275845372715,0.5771271747585466
109,Kelly Olynyk,HOU,2021,45,48.888888888888886,27.066666666666666,10.511111111111111,0.38834154351395733,3.933333333333333,8.911111111111111,44.13965087281795,1.8,5.644444444444445,31.88976377952756,0.8444444444444444,1.0444444444444445,80.85106382978722,0.9777777777777777,5.111111111111111,6.088888888888889,2.1555555555555554,1.2666666666666666,1.7017543859649122,0.9777777777777777,0.6222222222222222,0.5423940149625935,0.5608518307721495,111.597131147541,108.07745901639346,3.5196721311475443,2.8444444444444446,97,9.04688524590164,0.6062759029011249,0.9210526315789473,0.31684845375071047,0.6042078340483585,0.5770811439554135
110,Kevin Huerter,ATL,2021,46,50.0,31.23913043478261,11.58695652173913,0.3709116214335421,4.3478260869565215,10.478260869565217,41.49377593360996,2.0869565217391304,5.739130434782608,36.36363636363637,0.8043478260869565,0.9565217391304348,84.0909090909091,0.6739130434782609,2.847826086956522,3.5217391304347827,3.5217391304347827,1.2826086956521738,2.7457627118644066,1.2173913043478262,0.2391304347826087,0.5145228215767634,0.531554172650391,112.60980528511824,113.88678720445066,-1.276981919332414,2.4130434782608696,-33,7.55403337969402,0.7544984168661675,0.9473684210526316,0.2942860765661815,0.4623687474377365,0.5769201081825246
111,Jalen Brunson,DAL,2021,41,53.65853658536586,24.951219512195124,12.487804878048781,0.5004887585532747,4.658536585365853,8.804878048780488,52.90858725761773,1.1951219512195121,3.048780487804878,39.2,1.975609756097561,2.4878048780487805,79.41176470588235,0.3170731707317073,3.1707317073170733,3.4878048780487805,3.341463414634146,1.3658536585365855,2.4464285714285716,0.5365853658536586,0.0,0.5969529085872576,0.6307282940770671,111.91773879142296,108.92894736842102,2.988791423001942,1.6341463414634145,56,12.233430799220276,0.5311268032751377,0.8157894736842106,0.4620187966953119,0.5885094672388869,0.5748325901978267
112,Marcus Morris Sr.,LAC,2021,37,67.56756756756756,25.324324324324323,12.675675675675675,0.5005336179295624,4.513513513513513,10.0,45.13513513513514,2.4324324324324325,5.216216216216216,46.63212435233161,1.2162162162162162,1.4324324324324325,84.90566037735849,0.6756756756756757,3.135135135135135,3.810810810810811,1.1081081081081081,0.8108108108108109,1.3666666666666667,0.4864864864864865,0.2702702702702703,0.572972972972973,0.5962066510729177,117.8079957356077,113.33837953091685,4.469616204690851,2.027027027027027,94,8.348081023454156,0.5443809706687148,0.7105263157894737,0.46207686546712834,0.63229808160521,0.5733572392098563
113,Cameron Johnson,PHX,2021,39,69.23076923076923,23.41025641025641,9.76923076923077,0.4173055859802848,3.4615384615384617,7.9743589743589745,43.40836012861736,2.0256410256410255,5.435897435897436,37.264150943396224,0.8205128205128205,0.9487179487179487,86.48648648648648,0.5384615384615384,2.717948717948718,3.2564102564102564,1.358974358974359,0.717948717948718,1.8928571428571428,0.5897435897435898,0.3333333333333333,0.5610932475884244,0.5820703984355904,112.35617486338798,103.05333333333336,9.302841530054621,1.3846153846153846,180,8.958469945355189,0.476385662886551,0.763157894736842,0.3543413150440081,0.775218596263616,0.5729092374489577
114,Immanuel Quickley,NYK,2021,42,50.0,20.023809523809526,12.80952380952381,0.6397146254458977,4.0,10.238095238095237,39.06976744186046,1.9761904761904763,5.261904761904762,37.55656108597285,2.8333333333333335,3.1904761904761907,88.80597014925374,0.4523809523809524,1.8333333333333333,2.2857142857142856,2.3095238095238093,0.9761904761904762,2.3658536585365852,0.5238095238095238,0.23809523809523808,0.4872093023255814,0.5501472513089005,108.94554102259217,106.9024970273484,2.043043995243764,2.0476190476190474,25,10.57063020214031,0.3560855958724521,0.8421052631578947,0.6422414338466279,0.5605433162707671,0.5728329480548934
115,Lou Williams,LAC,2021,42,61.904761904761905,21.80952380952381,12.142857142857142,0.5567685589519651,4.309523809523809,10.238095238095237,42.093023255813954,1.0714285714285714,2.8333333333333335,37.81512605042017,2.4523809523809526,2.8333333333333335,86.5546218487395,0.35714285714285715,1.7380952380952381,2.0952380952380953,3.4285714285714284,1.5714285714285714,2.1818181818181817,0.9285714285714286,0.09523809523809523,0.47325581395348837,0.5286508002321917,113.78248095756254,110.47301414581067,3.309466811751875,1.0,83,10.240696409140368,0.41952127209676066,0.8421052631578947,0.5348708770779343,0.5979919739529671,0.5710276160249186
116,Monte Morris,DEN,2021,36,61.111111111111114,27.25,10.444444444444445,0.38328236493374107,4.0,8.5,47.05882352941176,1.1111111111111112,3.1666666666666665,35.08771929824561,1.3333333333333333,1.75,76.19047619047619,0.19444444444444445,1.9722222222222223,2.1666666666666665,3.4166666666666665,0.6944444444444444,4.92,0.7222222222222222,0.2777777777777778,0.5359477124183006,0.5633465180390747,116.07121057985759,108.60396744659207,7.4672431332655265,1.0,147,9.182909460834182,0.6127886323268206,0.6842105263157894,0.3102995377633586,0.7209391762253008,0.5704823482332472
117,Dario Saric,PHX,2021,27,70.37037037037037,18.51851851851852,9.777777777777779,0.528,3.5185185185185186,7.777777777777778,45.23809523809524,1.037037037037037,3.074074074074074,33.734939759036145,1.7037037037037037,1.8888888888888888,90.19607843137256,0.8888888888888888,3.3333333333333335,4.222222222222222,1.2592592592592593,1.4074074074074074,0.8947368421052632,0.5555555555555556,0.1111111111111111,0.5190476190476191,0.5678884873515746,115.96307385229538,99.91896207584831,16.044111776447068,2.2222222222222223,172,9.478642714570858,0.30261167028484975,0.4473684210526316,0.4976310618260391,0.9745608052870063,0.5678027740494317
118,Josh Richardson,DAL,2021,36,55.55555555555556,32.0,12.75,0.3984375,4.555555555555555,10.472222222222221,43.50132625994695,1.5555555555555556,4.916666666666667,31.63841807909605,2.0833333333333335,2.25,92.5925925925926,0.8888888888888888,2.5833333333333335,3.4722222222222223,2.8055555555555554,1.5277777777777777,1.8363636363636364,0.9444444444444444,0.3888888888888889,0.5092838196286472,0.5561748739821637,113.36322636600174,112.698091934085,0.6651344319167407,2.611111111111111,-16,7.348829141370339,0.7815275310834815,0.6842105263157894,0.329917288896717,0.5197979483877551,0.5669239740378523
119,Carmelo Anthony,POR,2021,45,60.0,25.955555555555556,13.866666666666667,0.5342465753424658,4.933333333333334,11.822222222222223,41.72932330827068,1.7555555555555555,4.5777777777777775,38.349514563106794,2.2444444444444445,2.6,86.32478632478633,0.5555555555555556,2.7111111111111112,3.2666666666666666,1.711111111111111,1.0222222222222221,1.673913043478261,0.8222222222222222,0.7111111111111111,0.49154135338345867,0.5347226982930006,113.99581554227157,116.85439795046963,-2.8585824081980604,2.2444444444444445,-81,8.454312553373184,0.5668048154726664,0.9210526315789473,0.5057170181681304,0.4156001528376799,0.5661676371137023
120,Tyler Herro,MIA,2021,36,47.22222222222222,31.833333333333332,15.5,0.4869109947643979,5.75,13.88888888888889,41.4,1.8888888888888888,5.805555555555555,32.535885167464116,2.111111111111111,2.5277777777777777,83.51648351648352,0.5277777777777778,4.75,5.277777777777778,3.5555555555555554,2.1944444444444446,1.620253164556962,0.6666666666666666,0.3611111111111111,0.482,0.5166283978964521,106.31228222996513,109.50923344947736,-3.196951219512229,1.3611111111111112,-74,10.115766550522645,0.7756068679692127,0.6842105263157894,0.4444428932280613,0.40559444414382045,0.5653657073287098
121,Reggie Jackson,LAC,2021,45,64.44444444444444,21.08888888888889,9.422222222222222,0.44678609062170704,3.488888888888889,7.6,45.90643274853801,1.511111111111111,3.533333333333333,42.76729559748428,0.9333333333333333,1.2,77.77777777777779,0.3333333333333333,2.2888888888888888,2.6222222222222222,2.888888888888889,1.0666666666666667,2.7083333333333335,0.5555555555555556,0.06666666666666667,0.5584795321637427,0.5796150481189851,118.05079030558484,111.3967334035827,6.654056902002139,1.8666666666666667,127,7.932560590094836,0.39392145253601735,0.9210526315789473,0.39250271715706797,0.6968929158377727,0.564830273016615
122,Danilo Gallinari,ATL,2021,34,50.0,23.294117647058822,12.764705882352942,0.547979797979798,3.8823529411764706,9.176470588235293,42.30769230769231,2.0588235294117645,5.147058823529412,40.0,2.9411764705882355,3.1470588235294117,93.45794392523365,0.23529411764705882,3.4705882352941178,3.7058823529411766,1.4705882352941178,1.0,1.4705882352941178,0.5588235294117647,0.20588235294117646,0.5352564102564102,0.6043221566224797,114.35685534591197,109.61182389937107,4.745031446540892,1.9411764705882353,93,10.628930817610062,0.47225995193814646,0.631578947368421,0.5234941572553304,0.6404422266553923,0.5596185064603914
123,De'Andre Hunter,ATL,2021,20,45.0,31.25,16.0,0.512,5.6,11.15,50.224215246636774,1.55,4.35,35.63218390804598,3.25,3.75,86.66666666666667,0.8,4.3,5.1,2.1,1.35,1.5555555555555556,0.9,0.5,0.5717488789237668,0.625,111.0178913738019,106.92092651757189,4.0969648562300165,2.65,70,11.040575079872205,0.754884547069272,0.2631578947368421,0.4769196648796298,0.6212786238053271,0.5591957752498393
124,Eric Bledsoe,NOP,2021,45,46.666666666666664,29.466666666666665,11.444444444444445,0.38838612368024134,4.111111111111111,9.822222222222223,41.8552036199095,1.7777777777777777,4.844444444444444,36.69724770642202,1.4444444444444444,2.2,65.65656565656566,0.4,2.9555555555555557,3.3555555555555556,3.8444444444444446,1.511111111111111,2.5441176470588234,0.7111111111111111,0.28888888888888886,0.5090497737556561,0.5303155119861603,116.64891059353864,118.2404207362885,-1.5915101427498541,1.6888888888888889,-33,7.129902329075883,0.6915334517465956,0.9210526315789473,0.3169061610957008,0.45306801499939703,0.5587599739597977
125,Kyle Anderson,MEM,2021,42,50.0,27.142857142857142,12.380952380952381,0.45614035087719296,4.595238095238095,9.619047619047619,47.77227722772277,1.3333333333333333,3.7142857142857144,35.8974358974359,1.8571428571428572,2.4523809523809526,75.72815533980582,0.7380952380952381,4.857142857142857,5.595238095238095,3.357142857142857,1.3571428571428572,2.473684210526316,1.1666666666666667,0.6666666666666666,0.5470297029702971,0.578652185524793,106.5723292469352,106.79684763572679,-0.22451838879159425,1.619047619047619,-16,12.151225919439577,0.6089824917533622,0.8421052631578947,0.4046114544877798,0.49349053864716574,0.558419216714965
126,Caris LeVert,IND,2021,21,52.38095238095239,29.761904761904763,17.0,0.5712,6.523809523809524,15.904761904761905,41.01796407185629,1.8571428571428572,5.523809523809524,33.62068965517241,2.0952380952380953,2.619047619047619,80.0,0.7142857142857143,3.6666666666666665,4.380952380952381,5.095238095238095,1.8095238095238095,2.8157894736842106,1.2380952380952381,0.2857142857142857,0.468562874251497,0.4983249581239531,110.8115015974441,108.90846645367414,1.9030351437699693,1.7142857142857142,32,11.204153354632586,0.7020214835490148,0.28947368421052627,0.5535518335813442,0.5564031953861981,0.5520966205451785
127,Kendrick Nunn,MIA,2021,38,50.0,28.605263157894736,13.473684210526315,0.47102115915363385,5.2105263157894735,11.394736842105264,45.72748267898383,2.026315789473684,5.447368421052632,37.19806763285024,1.0263157894736843,1.131578947368421,90.69767441860465,0.42105263157894735,2.710526315789474,3.1315789473684212,2.6315789473684212,1.5263157894736843,1.7241379310344827,1.0263157894736843,0.23684210526315788,0.546189376443418,0.566471941936626,107.93950504124655,109.45902841429881,-1.519523373052266,1.8157894736842106,-34,9.22346471127406,0.6609329718612695,0.736842105263158,0.4238740999313285,0.4551966941900369,0.5502133289002544
128,Tyrese Haliburton,SAC,2021,41,48.78048780487805,30.195121951219512,13.170731707317072,0.43618739903069464,5.073170731707317,10.414634146341463,48.711943793911004,2.2195121951219514,5.2439024390243905,42.32558139534884,0.8048780487804879,0.926829268292683,86.8421052631579,0.8048780487804879,2.5365853658536586,3.341463414634146,5.024390243902439,1.5365853658536586,3.2698412698412698,1.2926829268292683,0.5609756097560976,0.5936768149882904,0.6084918417019742,111.99565217391302,115.57254428341383,-3.576892109500818,1.3902439024390243,-79,10.934541062801934,0.7174110817484731,0.8157894736842106,0.3787831103661913,0.39435943152150804,0.5494760217366295
129,Jarrett Allen,CLE,2021,44,38.63636363636363,28.65909090909091,13.068181818181818,0.45598731165741474,4.75,7.5,63.33333333333333,0.11363636363636363,0.2727272727272727,41.66666666666667,3.4545454545454546,4.909090909090909,70.37037037037037,3.0454545454545454,6.863636363636363,9.909090909090908,1.6818181818181819,1.4772727272727273,1.1384615384615384,0.45454545454545453,1.6818181818181819,0.6409090909090909,0.6764069264069263,108.28264659271001,112.8027733755943,-4.52012678288429,1.5909090909090908,-97,14.993660855784471,0.6628451477474571,0.8947368421052633,0.4044133509859551,0.36646758376175703,0.5466853385751905
130,Miles Bridges,CHA,2021,45,51.11111111111111,26.622222222222224,9.71111111111111,0.3647746243739566,3.688888888888889,7.377777777777778,50.0,1.2222222222222223,3.2888888888888888,37.16216216216216,1.1111111111111112,1.2222222222222223,90.9090909090909,1.288888888888889,4.466666666666667,5.7555555555555555,1.9777777777777779,1.5777777777777777,1.2535211267605635,0.6222222222222222,0.6666666666666666,0.5828313253012049,0.6134194272880404,111.09958298582151,109.72268557130944,1.3768974145120723,2.2666666666666666,13,9.28323603002502,0.5904874679297416,0.9210526315789473,0.2863419651811801,0.5408450804660988,0.5465597571561304
131,Jeff Green,BKN,2021,43,65.11627906976744,26.813953488372093,9.604651162790697,0.35819601040763227,3.395348837209302,6.8604651162790695,49.49152542372882,1.3488372093023255,3.2325581395348837,41.726618705035975,1.4651162790697674,1.930232558139535,75.90361445783132,0.5348837209302325,3.2325581395348837,3.7674418604651163,1.372093023255814,0.7906976744186046,1.7352941176470589,0.5581395348837209,0.3488372093023256,0.5932203389830508,0.6228885135135136,117.06496539792383,114.62214532871971,2.4428200692041173,1.7906976744186047,47,7.1493079584775066,0.597298525341815,0.868421052631579,0.2778261973553217,0.5723648636624626,0.5461740752209657
132,Evan Fournier,BOS,2021,27,44.44444444444444,30.333333333333332,18.925925925925927,0.6239316239316239,6.296296296296297,14.037037037037036,44.854881266490764,2.7037037037037037,7.148148148148148,37.82383419689119,3.6296296296296298,4.555555555555555,79.67479674796748,0.18518518518518517,2.6666666666666665,2.8518518518518516,3.5185185185185186,2.037037037037037,1.7272727272727273,1.0740740740740742,0.4074074074074074,0.5448548812664907,0.5899057997783524,109.52271062271062,114.57948717948719,-5.056776556776569,2.1481481481481484,-91,9.691697191697191,0.7223208999407935,0.4473684210526316,0.621810933261134,0.35059862324102464,0.5455157665169725
133,Jae'Sean Tate,HOU,2021,46,28.26086956521739,28.565217391304348,10.630434782608695,0.3721461187214612,4.239130434782608,8.152173913043478,52.0,0.782608695652174,2.4565217391304346,31.858407079646017,1.3695652173913044,1.9130434782608696,71.5909090909091,1.9782608695652173,3.4782608695652173,5.456521739130435,1.8478260869565217,1.1304347826086956,1.6346153846153846,1.1304347826086956,0.5869565217391305,0.568,0.5909794063617906,107.03949962092494,109.03798332069749,-1.9984836997725495,3.130434782608696,-84,8.286050037907502,0.6595103869024637,0.9473684210526316,0.29588408677614136,0.44103363499298426,0.5449882797206099
134,Eric Gordon,HOU,2021,27,37.03703703703704,29.25925925925926,17.814814814814813,0.6088607594936709,5.888888888888889,13.592592592592593,43.32425068119891,2.5555555555555554,7.777777777777778,32.857142857142854,3.4814814814814814,4.222222222222222,82.45614035087719,0.2962962962962963,1.8518518518518519,2.1481481481481484,2.6296296296296298,1.8888888888888888,1.392156862745098,0.5185185185185185,0.48148148148148145,0.5272479564032697,0.5765174033943811,107.07632911392406,110.31645569620252,-3.2401265822784637,1.6296296296296295,-68,9.633037974683544,0.6841655154266169,0.4473684210526316,0.602302267279886,0.40431773042746805,0.5444177572959727
135,Rui Hachimura,WAS,2021,38,44.73684210526316,31.394736842105264,13.921052631578947,0.44341994970662196,5.2894736842105265,11.0,48.08612440191388,0.8947368421052632,2.6842105263157894,33.33333333333333,2.4473684210526314,3.1842105263157894,76.85950413223141,0.8421052631578947,5.131578947368421,5.973684210526316,1.5526315789473684,1.2105263157894737,1.2826086956521738,0.7631578947368421,0.07894736842105263,0.5215311004784688,0.5612851201086495,109.13269230769232,113.57316053511708,-4.440468227424759,2.1315789473684212,-117,8.886371237458192,0.7600261755632423,0.736842105263158,0.3881453746152007,0.3688231208983097,0.5438091308181172
136,Kentavious Caldwell-Pope,LAL,2021,43,62.7906976744186,26.27906976744186,8.418604651162791,0.32035398230088497,2.8372093023255816,6.744186046511628,42.06896551724138,1.4651162790697674,3.7209302325581395,39.375,1.2790697674418605,1.4883720930232558,85.9375,0.4418604651162791,1.9767441860465116,2.4186046511627906,1.4883720930232558,1.0,1.4883720930232558,0.7906976744186046,0.27906976744186046,0.5293103448275862,0.5688961528790545,111.36595932802828,106.96595932802832,4.399999999999963,1.558139534883721,113,5.807250221043325,0.5782973274402083,0.868421052631579,0.2288411182693204,0.6302395010232591,0.5433596688581698
137,Georges Niang,UTA,2021,46,76.08695652173914,13.652173913043478,5.326086956521739,0.39012738853503187,1.9565217391304348,4.608695652173913,42.45283018867924,1.3043478260869565,3.3043478260869565,39.473684210526315,0.10869565217391304,0.10869565217391304,100.0,0.30434782608695654,1.7826086956521738,2.0869565217391304,0.6956521739130435,0.5869565217391305,1.1851851851851851,0.30434782608695654,0.10869565217391304,0.5660377358490566,0.5718954248366014,112.79462025316452,98.35126582278482,14.4433544303797,1.4782608695652173,195,6.4683544303797476,0.12973974824310758,0.9473684210526316,0.31916016282047566,0.9272257343267147,0.5393374274406505
138,Josh Hart,NOP,2021,46,45.65217391304348,28.391304347826086,9.130434782608695,0.3215926493108729,3.1956521739130435,7.239130434782608,44.14414414414414,1.3478260869565217,4.065217391304348,33.155080213903744,1.391304347826087,1.8043478260869565,77.10843373493977,1.1304347826086956,6.695652173913044,7.826086956521739,2.260869565217391,0.9782608695652174,2.311111111111111,0.8260869565217391,0.2608695652173913,0.5345345345345346,0.5683048278848236,112.3664373088685,112.7059633027523,-0.3395259938837967,2.3260869565217392,-3,10.02316513761468,0.6533323036527918,0.9473684210526316,0.23044452602733806,0.49008971517983213,0.538708644459707
139,De'Anthony Melton,MEM,2021,32,50.0,19.84375,9.96875,0.5023622047244094,3.71875,7.78125,47.791164658634536,1.6875,3.84375,43.90243902439025,0.84375,1.09375,77.14285714285715,0.625,2.625,3.25,2.6875,1.21875,2.2051282051282053,1.21875,0.5,0.5863453815261044,0.6032526475037822,112.07653543307084,102.67559055118112,9.400944881889728,1.71875,115,11.902834645669293,0.3496891651865009,0.5789473684210527,0.4644439021520682,0.7781195538209658,0.5387032953455442
140,Marcus Smart,BOS,2021,28,46.42857142857143,31.964285714285715,13.0,0.40670391061452515,4.214285714285714,10.571428571428571,39.86486486486486,1.8928571428571428,5.678571428571429,33.33333333333333,2.6785714285714284,3.4285714285714284,78.125,0.5,2.4642857142857144,2.9642857142857144,5.321428571428571,1.6785714285714286,3.1702127659574466,1.4642857142857142,0.5,0.48817567567567566,0.5380794701986755,111.68716517857145,110.87455357142856,0.8126116071428839,2.5,23,8.492187499999998,0.7802588175589953,0.47368421052631576,0.3406178458691821,0.5241589107606612,0.5360261295527355
141,Malik Monk,CHA,2021,31,51.61290322580645,21.774193548387096,13.161290322580646,0.6044444444444445,4.645161290322581,10.03225806451613,46.30225080385852,2.161290322580645,5.161290322580645,41.875,1.7096774193548387,2.096774193548387,81.53846153846153,0.3548387096774194,2.2903225806451615,2.6451612903225805,1.8387096774193548,1.4516129032258065,1.2666666666666666,0.4838709677419355,0.12903225806451613,0.5707395498392283,0.6007067137809187,110.54467455621301,107.89378698224854,2.650887573964468,1.2258064516129032,59,10.6146449704142,0.4182662006531828,0.5526315789473684,0.5965855139033278,0.5785175076759717,0.5346719773810233
142,Darius Garland,CLE,2021,38,36.84210526315789,33.18421052631579,16.605263157894736,0.500396510705789,6.421052631578948,14.605263157894736,43.96396396396396,1.763157894736842,4.421052631578948,39.88095238095239,2.0,2.3947368421052633,83.51648351648352,0.47368421052631576,1.8421052631578947,2.3157894736842106,5.7105263157894735,3.0,1.9035087719298245,1.131578947368421,0.07894736842105263,0.5,0.530216456036569,103.68716323296354,113.98320126782885,-10.296038034865305,2.263157894736842,-249,8.935340729001584,0.8235954005796018,0.736842105263158,0.4618993853336414,0.1956714480172944,0.5338368824790873
143,Pat Connaughton,MIL,2021,43,62.7906976744186,22.88372093023256,6.906976744186046,0.3018292682926829,2.4651162790697674,5.4186046511627906,45.493562231759654,1.5116279069767442,3.6744186046511627,41.139240506329116,0.46511627906976744,0.6046511627906976,76.92307692307693,1.0465116279069768,3.6744186046511627,4.72093023255814,1.3953488372093024,0.46511627906976744,3.0,0.7209302325581395,0.3953488372093023,0.5944206008583691,0.6075110456553755,114.98539553752536,106.94229208924952,8.043103448275843,1.627906976744186,161,8.299188640973629,0.4576810277169649,0.868421052631579,0.20486157419790912,0.7379676090113166,0.5330981490586669
144,Brandon Clarke,MEM,2021,39,53.84615384615385,25.923076923076923,11.615384615384615,0.44807121661721067,4.871794871794871,9.282051282051283,52.48618784530387,0.48717948717948717,1.4871794871794872,32.758620689655174,1.3846153846153846,2.051282051282051,67.5,1.5128205128205128,4.102564102564102,5.615384615384615,1.6923076923076923,0.5641025641025641,3.0,1.1025641025641026,0.8461538461538461,0.5511049723756906,0.5702416918429003,108.4523244312562,108.56063303659742,-0.10830860534122166,1.5128205128205128,-25,11.30385756676558,0.5656510452247576,0.763157894736842,0.3941662643207571,0.49692691103640857,0.5313815273602143
145,Josh Jackson,DET,2021,41,26.82926829268293,24.634146341463413,12.853658536585366,0.5217821782178218,4.634146341463414,11.097560975609756,41.75824175824176,1.1219512195121952,4.097560975609756,27.380952380952383,2.4634146341463414,3.4146341463414633,72.14285714285714,0.9512195121951219,3.1463414634146343,4.097560975609756,2.097560975609756,2.1707317073170733,0.9662921348314607,0.9024390243902439,0.8048780487804879,0.46813186813186813,0.5100658149438637,103.29536031589336,106.16229022704837,-2.8669299111550117,2.902439024390244,-64,7.774432379072065,0.5198631027162848,0.8157894736842106,0.48958232588399386,0.4153533136488552,0.5311742464172371
146,Patrick Beverley,LAC,2021,29,65.51724137931035,23.79310344827586,8.310344827586206,0.3492753623188406,2.7586206896551726,6.241379310344827,44.19889502762431,1.7241379310344827,4.103448275862069,42.016806722689076,1.0689655172413792,1.3448275862068966,79.48717948717949,0.9310344827586207,2.7586206896551726,3.689655172413793,2.0689655172413794,0.9310344827586207,2.2222222222222223,0.8620689655172413,0.7931034482758621,0.580110497237569,0.608094469115866,116.99884225759769,105.05846599131691,11.94037626628078,3.1379310344827585,159,7.434442836468886,0.489985912905004,0.49999999999999994,0.2662787546311847,0.8532116126356581,0.5304708979811641
147,Goran Dragic,MIA,2021,29,55.172413793103445,27.0,13.517241379310345,0.5006385696040868,4.862068965517241,11.068965517241379,43.925233644859816,1.5517241379310345,4.517241379310345,34.35114503816794,2.2413793103448274,2.6551724137931036,84.4155844155844,0.3103448275862069,3.0344827586206895,3.3448275862068964,4.758620689655173,2.7241379310344827,1.7468354430379747,0.5862068965517241,0.20689655172413793,0.5093457943925234,0.5522993688007214,108.21724137931031,106.8942528735632,1.3229885057471051,2.3448275862068964,25,10.043933588761174,0.6039076376554176,0.49999999999999994,0.46221272145408243,0.5392509712601965,0.5293283536195655
148,Dorian Finney-Smith,DAL,2021,34,55.88235294117647,31.323529411764707,8.441176470588236,0.26948356807511736,3.1176470588235294,7.117647058823529,43.80165289256198,1.588235294117647,4.529411764705882,35.064935064935064,0.6176470588235294,0.7352941176470589,84.0,1.5,3.588235294117647,5.088235294117647,1.5588235294117647,0.6470588235294118,2.409090909090909,0.8529411764705882,0.35294117647058826,0.5495867768595041,0.567193675889328,116.41652582159622,113.14103286384979,3.2754929577464367,2.5588235294117645,63,6.284882629107981,0.7574966043255671,0.631578947368421,0.16299128440318678,0.5969873527378324,0.5265744685239894
149,Keldon Johnson,SAS,2021,41,53.65853658536586,29.0,13.292682926829269,0.45836837678721615,5.024390243902439,10.658536585365853,47.139588100686495,0.8780487804878049,2.658536585365854,33.02752293577982,2.3658536585365852,3.073170731707317,76.98412698412699,1.5853658536585367,4.780487804878049,6.365853658536586,1.9024390243902438,1.146341463414634,1.6595744680851063,0.5853658536585366,0.5365853658536586,0.5125858123569794,0.5533669076435708,107.10579345088159,113.0522250209908,-5.946431570109212,2.2439024390243905,-157,9.579680940386229,0.674955595026643,0.8157894736842106,0.4074955500521158,0.3242911486636082,0.526148534916187
150,Ivica Zubac,LAC,2021,48,66.66666666666666,21.041666666666668,8.5625,0.4069306930693069,3.2916666666666665,5.166666666666667,63.70967741935484,0.0,0.0625,0.0,1.9791666666666667,2.3958333333333335,82.6086956521739,2.6666666666666665,4.5625,7.229166666666667,1.125,1.0833333333333333,1.0384615384615385,0.4375,0.9166666666666666,0.6370967741935484,0.6882116543871399,112.87734915924824,110.82344213649849,2.0539070227497547,2.4791666666666665,57,12.320375865479722,0.39224393132030794,1.0,0.3409114072092737,0.5608645405831859,0.5251688663530536
151,Daniel Theis,CHI,2021,43,46.51162790697674,24.325581395348838,9.372093023255815,0.3852772466539197,3.7674418604651163,6.813953488372093,55.2901023890785,0.7674418604651163,2.2325581395348837,34.375,1.069767441860465,1.5813953488372092,67.64705882352942,1.2790697674418605,3.883720930232558,5.162790697674419,1.627906976744186,0.9767441860465116,1.6666666666666667,0.6046511627906976,1.0465116279069768,0.6092150170648464,0.6239935587761675,112.73498570066731,111.12249761677788,1.6124880838894313,2.7906976744186047,53,9.417540514775979,0.5089016481473834,0.868421052631579,0.3128818369613433,0.5478115960844444,0.5244934379496431
152,Reggie Bullock Jr.,NYK,2021,40,52.5,27.675,9.125,0.3297199638663053,3.25,7.85,41.40127388535032,2.0,5.175,38.64734299516908,0.625,0.725,86.20689655172413,0.275,3.1,3.375,1.325,0.75,1.7666666666666666,0.725,0.2,0.5414012738853503,0.5585138939894724,107.24317976513099,105.81237579042453,1.430803974706464,2.3,40,6.482836495031617,0.6278863232682061,0.7894736842105263,0.24096502839395623,0.5424391202237769,0.5230723392363233
153,Luguentz Dort,OKC,2021,41,41.46341463414634,29.414634146341463,12.560975609756097,0.42703150912106136,4.317073170731708,11.195121951219512,38.56209150326798,1.951219512195122,5.975609756097561,32.6530612244898,1.975609756097561,2.5853658536585367,76.41509433962264,0.6585365853658537,2.7804878048780486,3.4390243902439024,1.5609756097560976,1.4146341463414633,1.103448275862069,0.8536585365853658,0.36585365853658536,0.47276688453159044,0.5092555968673365,106.44263245033112,111.92226821192054,-5.479635761589421,2.4146341463414633,-141,5.62591059602649,0.6896850496036044,0.8157894736842106,0.3669311559714389,0.33809449791859336,0.5227997422969569
154,Jakob Poeltl,SAS,2021,44,52.27272727272727,24.65909090909091,7.681818181818182,0.31152073732718893,3.522727272727273,5.613636363636363,62.75303643724697,0.0,0.0,,0.6363636363636364,1.6590909090909092,38.35616438356164,3.090909090909091,4.7272727272727275,7.818181818181818,1.75,1.2727272727272727,1.375,0.5454545454545454,1.6590909090909092,0.6275303643724697,0.6054743479507022,110.35831037649221,106.68108356290173,3.6772268135904795,2.2045454545454546,88,10.107162534435265,0.5207492330050056,0.8947368421052633,0.2174068155833771,0.60886679256689,0.5225529364022528
155,Terrence Ross,ORL,2021,36,36.11111111111111,29.583333333333332,15.972222222222221,0.539906103286385,5.694444444444445,13.75,41.41414141414141,2.25,6.25,36.0,2.3333333333333335,2.611111111111111,89.36170212765957,0.3333333333333333,3.1944444444444446,3.5277777777777777,2.25,1.6944444444444444,1.3278688524590163,1.0833333333333333,0.4722222222222222,0.49595959595959593,0.5360205831903945,102.60318352059925,110.86835205992509,-8.265168539325842,1.8888888888888888,-178,9.456460674157302,0.6956779159265838,0.6842105263157894,0.5130430637791182,0.2557251169375846,0.52049890040782
156,Steven Adams,NOP,2021,43,46.51162790697674,28.186046511627907,7.883720930232558,0.27970297029702973,3.4186046511627906,5.4186046511627906,63.0901287553648,0.0,0.06976744186046512,0.0,1.0465116279069768,2.302325581395349,45.45454545454545,3.86046511627907,5.023255813953488,8.883720930232558,1.930232558139535,1.4883720930232558,1.296875,0.9069767441860465,0.6744186046511628,0.630901287553648,0.6128868961527336,116.98523102310232,116.55090759075907,0.43432343234324833,2.0,23,9.14075907590759,0.6460407286546328,0.868421052631579,0.17621991540150206,0.5129727696246728,0.5149294404920353
157,Elfrid Payton,NYK,2021,38,50.0,27.157894736842106,12.026315789473685,0.4428294573643411,5.0,11.421052631578947,43.77880184331797,0.4473684210526316,1.8421052631578947,24.285714285714285,1.5789473684210527,2.210526315789474,71.42857142857143,1.3157894736842106,2.4210526315789473,3.736842105263158,3.526315789473684,1.8157894736842106,1.9420289855072463,0.7368421052631579,0.21052631578947367,0.4573732718894009,0.485179208425344,107.83678606001936,110.8060019361084,-2.969215876089038,1.868421052631579,-71,8.179574056147144,0.6095166869215669,0.736842105263158,0.38738100453427615,0.41232867445523297,0.5138136192136705
158,Garrett Temple,CHI,2021,37,43.24324324324324,27.054054054054053,8.135135135135135,0.3006993006993007,3.027027027027027,7.135135135135135,42.42424242424242,1.2432432432432432,3.7027027027027026,33.57664233576642,0.8378378378378378,1.027027027027027,81.57894736842105,0.5675675675675675,2.4864864864864864,3.054054054054054,1.972972972972973,0.972972972972973,2.0277777777777777,0.8918918918918919,0.4864864864864865,0.5113636363636364,0.5361214021088628,113.51509433962264,109.63217477656407,3.8829195630585644,2.2972972972972974,98,5.346772591857,0.6058278527195047,0.7105263157894737,0.2033988737377142,0.6149492140631957,0.5136324788834452
159,Aaron Gordon,DEN,2021,26,42.30769230769231,29.153846153846153,14.5,0.4973614775725594,5.153846153846154,11.615384615384615,44.370860927152314,1.6538461538461537,4.461538461538462,37.06896551724138,2.5384615384615383,4.038461538461538,62.857142857142854,1.5,4.961538461538462,6.461538461538462,4.076923076923077,2.576923076923077,1.5820895522388059,0.6538461538461539,0.7692307692307693,0.5149006622516556,0.5413555427914991,107.27048748353099,108.72700922266138,-1.4565217391303946,1.9230769230769231,-18,11.106587615283269,0.6804208225167374,0.4210526315789473,0.45797064933565246,0.45705967912003426,0.5135409212311843
160,Gary Harris,DEN,2021,19,57.89473684210527,30.68421052631579,9.68421052631579,0.3156089193825043,3.6315789473684212,8.210526315789474,44.230769230769226,1.263157894736842,3.9473684210526314,32.0,1.1578947368421053,1.5789473684210527,73.33333333333333,0.6842105263157895,1.7894736842105263,2.473684210526316,1.6842105263157894,0.7368421052631579,2.2857142857142856,0.8947368421052632,0.21052631578947367,0.5192307692307693,0.5437352245862884,119.2458904109589,110.94366438356164,8.302226027397268,1.9473684210526316,98,5.07722602739726,0.73478545386557,0.2368421052631579,0.22269881316692858,0.7456299731418076,0.5131124108836029
161,Bryn Forbes,MIL,2021,45,62.22222222222222,19.133333333333333,9.4,0.4912891986062718,3.3555555555555556,7.355555555555555,45.61933534743202,2.111111111111111,4.733333333333333,44.60093896713615,0.5777777777777777,0.7555555555555555,76.47058823529412,0.17777777777777778,1.1111111111111112,1.288888888888889,0.6222222222222222,0.5777777777777777,1.0769230769230769,0.2222222222222222,0.0,0.5996978851963746,0.6113423517169615,112.7603009259259,112.05624999999999,0.7040509259259125,1.0222222222222221,13,6.424884259259259,0.3244523386619302,0.9210526315789473,0.4501103130831453,0.5209487255558096,0.5125576842259394
162,Mason Plumlee,DET,2021,44,27.27272727272727,27.477272727272727,10.272727272727273,0.3738626964433416,4.068181818181818,6.7727272727272725,60.06711409395973,0.0,0.1590909090909091,0.0,2.1363636363636362,3.272727272727273,65.27777777777779,2.7045454545454546,6.75,9.454545454545455,3.5681818181818183,2.0454545454545454,1.7444444444444445,0.8636363636363636,0.8863636363636364,0.6006711409395973,0.6254150985167146,108.86350906095551,112.89019769357495,-4.0266886326194395,3.522727272727273,-107,12.379489291598025,0.6208622638462782,0.8947368421052633,0.29810613193784313,0.3810587583171532,0.5094724701722231
163,Marvin Bagley III,SAC,2021,37,40.54054054054054,25.675675675675677,13.864864864864865,0.54,5.648648648648648,11.243243243243244,50.24038461538461,0.918918918918919,2.5945945945945947,35.41666666666667,1.6486486486486487,2.945945945945946,55.96330275229357,2.4594594594594597,4.972972972972973,7.4324324324324325,0.9459459459459459,1.3243243243243243,0.7142857142857143,0.4864864864864865,0.5135135135135135,0.5432692307692307,0.552849383567549,113.95120671563487,119.40188877229802,-5.450682056663155,2.4324324324324325,-118,9.565792235047223,0.5568623685852816,0.7105263157894737,0.5131646095358461,0.33895067120470396,0.5094022878342863
164,Draymond Green,GSW,2021,40,50.0,30.075,6.1,0.2028262676641729,2.275,5.65,40.26548672566372,0.525,1.975,26.582278481012654,1.025,1.325,77.35849056603774,0.8,5.6,6.4,8.425,2.8,3.0089285714285716,1.4,0.775,0.4491150442477876,0.48933098026632443,112.55697674418604,110.49709302325583,2.059883720930216,3.15,57,9.661544850498336,0.7131438721136769,0.7894736842105263,0.07670592139149174,0.5610412740732276,0.5062611717040572
165,Desmond Bane,MEM,2021,40,50.0,22.4,9.475,0.42299107142857145,3.55,7.3,48.63013698630137,1.75,3.825,45.751633986928105,0.625,0.75,83.33333333333334,0.375,2.525,2.9,1.325,1.0,1.325,0.65,0.15,0.6061643835616438,0.6209043250327654,108.54899777282849,107.44654788418708,1.1024498886414023,1.875,15,8.300445434298439,0.4404973357015986,0.7894736842105263,0.3617009616660394,0.5327295511862363,0.5018180757422319
166,Derrick Rose,NYK,2021,27,44.44444444444444,23.85185185185185,13.592592592592593,0.5698757763975155,5.111111111111111,11.88888888888889,42.99065420560748,1.0,2.6296296296296298,38.028169014084504,2.3703703703703702,2.814814814814815,84.21052631578947,0.25925925925925924,1.8888888888888888,2.1481481481481484,4.2592592592592595,1.8518518518518519,2.3,1.1481481481481481,0.4444444444444444,0.4719626168224299,0.5177180905089719,104.12759689922478,104.38635658914728,-0.2587596899224991,1.1481481481481481,1,12.328682170542633,0.4920728899414512,0.4473684210526316,0.5518376760390403,0.49247800890754845,0.5014439428175219
167,Paul Millsap,DEN,2021,36,61.111111111111114,23.63888888888889,9.694444444444445,0.4101057579318449,3.638888888888889,7.194444444444445,50.57915057915058,1.0555555555555556,2.8333333333333335,37.254901960784316,1.3611111111111112,1.9722222222222223,69.01408450704226,1.5277777777777777,3.5555555555555554,5.083333333333333,1.8055555555555556,0.8888888888888888,2.03125,0.9722222222222222,0.6388888888888888,0.5791505791505791,0.6012265711135611,118.05287896592245,115.86122209165686,2.1916568742655897,2.0833333333333335,25,9.186603995299647,0.48450759818433004,0.6842105263157894,0.34502140900293754,0.5649378618846876,0.5010213487337994
168,T.J. McConnell,IND,2021,42,47.61904761904761,25.166666666666668,7.238095238095238,0.2876064333017975,3.357142857142857,6.142857142857143,54.65116279069767,0.16666666666666666,0.5476190476190477,30.434782608695656,0.35714285714285715,0.6190476190476191,57.692307692307686,0.7142857142857143,2.8095238095238093,3.5238095238095237,6.5,1.8333333333333333,3.5454545454545454,1.8333333333333333,0.35714285714285715,0.560077519379845,0.5641330166270784,112.17766258246938,109.64429783223375,2.5333647502356342,1.619047619047619,40,11.7186616399623,0.5387803433984608,0.8421052631578947,0.18645065037293995,0.5750423081310033,0.5008567707838885
169,Saddiq Bey,DET,2021,44,27.27272727272727,24.977272727272727,10.886363636363637,0.43585077343039125,3.5,8.522727272727273,41.06666666666667,2.3181818181818183,5.863636363636363,39.53488372093023,1.5681818181818181,1.7954545454545454,87.34177215189874,0.5454545454545454,3.590909090909091,4.136363636363637,1.3181818181818181,0.7272727272727273,1.8125,0.6136363636363636,0.11363636363636363,0.5466666666666666,0.5844884810620852,106.88963636363634,111.69081818181819,-4.8011818181818455,1.6363636363636365,-111,8.940636363636363,0.5320523171322462,0.8947368421052633,0.37834736121430335,0.35815666763681103,0.5007130952460704
170,Lauri Markkanen,CHI,2021,25,32.0,29.56,17.2,0.5818673883626523,6.2,12.88,48.13664596273292,2.72,6.96,39.08045977011494,2.08,2.48,83.87096774193549,0.76,5.04,5.8,0.92,1.28,0.71875,0.52,0.44,0.5869565217391305,0.6155519926706368,105.1280108254398,111.85047361299051,-6.722462787550711,1.8,-88,10.975778078484439,0.6948490230905862,0.3947368421052631,0.567360365753869,0.3013435777308624,0.5003204879774985
171,Kent Bazemore,GSW,2021,45,46.666666666666664,16.377777777777776,5.955555555555556,0.36363636363636365,2.1777777777777776,4.822222222222222,45.16129032258064,0.9333333333333333,2.3777777777777778,39.25233644859813,0.6666666666666666,0.9777777777777777,68.18181818181817,0.37777777777777777,2.488888888888889,2.8666666666666667,1.511111111111111,1.0888888888888888,1.3877551020408163,0.8,0.5111111111111111,0.5483870967741935,0.5669317989507531,110.80744248985116,102.81420838971584,7.993234100135311,2.088888888888889,125,7.544790257104196,0.2265640418393527,0.9210526315789473,0.2848685295583801,0.7364929513195841,0.4993129547001795
172,Maxi Kleber,DAL,2021,33,60.60606060606061,27.696969696969695,7.757575757575758,0.2800875273522976,2.484848484848485,5.636363636363637,44.086021505376344,1.9090909090909092,4.303030303030303,44.36619718309859,0.8787878787878788,0.9393939393939394,93.54838709677419,0.9393939393939394,4.606060606060606,5.545454545454546,1.3333333333333333,0.5454545454545454,2.4444444444444446,0.45454545454545453,0.8181818181818182,0.6102150537634409,0.6411540773392106,113.53707742639043,109.30730643402399,4.22977099236644,2.3333333333333335,79,7.741766630316248,0.6286667743150869,0.6052631578947367,0.1767177100152642,0.6252057573545959,0.4980493716549418
173,Luke Kennard,LAC,2021,42,71.42857142857143,19.428571428571427,8.071428571428571,0.41544117647058826,3.0476190476190474,6.166666666666667,49.42084942084942,1.6428571428571428,3.357142857142857,48.93617021276596,0.3333333333333333,0.40476190476190477,82.35294117647058,0.2619047619047619,2.4523809523809526,2.7142857142857144,1.7380952380952381,0.7380952380952381,2.3548387096774195,0.3333333333333333,0.16666666666666666,0.6274131274131274,0.636070249174422,116.38611449451886,112.98197320341048,3.404141291108388,1.4285714285714286,39,8.509500609013399,0.33494037046434916,0.8421052631578947,0.3519279072048841,0.6007915383026038,0.49734601719988064
174,Delon Wright,SAC,2021,38,31.57894736842105,28.894736842105264,10.0,0.3460837887067395,3.6052631578947367,7.868421052631579,45.819397993311036,0.8157894736842105,2.3947368421052633,34.065934065934066,1.9736842105263157,2.5,78.94736842105263,0.9736842105263158,3.526315789473684,4.5,4.947368421052632,1.3157894736842106,3.76,1.5526315789473684,0.5,0.5100334448160535,0.5575117370892019,109.25894641235243,112.27547683923706,-3.0165304268846285,1.236842105263158,-68,11.757947320617621,0.6712162288492103,0.736842105263158,0.26214738288344025,0.41092956320026,0.4957405477247478
175,Derrick Jones Jr.,POR,2021,42,59.523809523809526,26.19047619047619,8.119047619047619,0.31,3.0238095238095237,6.095238095238095,49.609375,0.9047619047619048,2.738095238095238,33.04347826086956,1.1666666666666667,1.7857142857142858,65.33333333333333,1.619047619047619,2.642857142857143,4.261904761904762,0.9047619047619048,0.6428571428571429,1.4074074074074074,0.7619047619047619,1.0714285714285714,0.5703125,0.5899653979238755,114.39791099000907,114.87465940054493,-0.4767484105358619,2.5,-38,6.047229791099,0.5751501311003975,0.8421052631578947,0.21543827843121266,0.48603199035006595,0.49427337972145247
176,Andre Drummond,CLE,2021,25,36.0,28.84,17.48,0.6061026352288488,7.2,15.2,47.368421052631575,0.0,0.32,0.0,3.08,5.16,59.68992248062015,4.04,9.44,13.48,2.56,3.24,0.7901234567901234,1.6,1.16,0.47368421052631576,0.5002747504350216,105.4539419087137,113.11120331950205,-7.657261410788351,2.76,-108,15.701936376210234,0.669271758436945,0.3947368421052631,0.59873197937512,0.273701187537718,0.49423944983639134
177,JaMychal Green,DEN,2021,34,61.76470588235294,19.176470588235293,8.794117647058824,0.45858895705521474,3.176470588235294,7.0,45.378151260504204,1.5,3.735294117647059,40.15748031496063,0.9411764705882353,1.1176470588235294,84.21052631578947,1.588235294117647,3.7941176470588234,5.382352941176471,0.8235294117647058,0.9411764705882353,0.875,0.5588235294117647,0.3235294117647059,0.5609243697478992,0.5869189698492462,112.01457055214723,106.89309815950918,5.121472392638054,2.7058823529411766,65,9.693711656441717,0.32598474558562324,0.631578947368421,0.4077810828951822,0.6515737444582902,0.4897967074505044
178,Dāvis Bertāns,WAS,2021,35,40.0,24.62857142857143,10.82857142857143,0.4396751740139211,3.2,8.228571428571428,38.88888888888889,2.7714285714285714,7.257142857142857,38.188976377952756,1.6571428571428573,1.9428571428571428,85.29411764705883,0.42857142857142855,2.4571428571428573,2.8857142857142857,0.8571428571428571,0.6,1.4285714285714286,0.6,0.22857142857142856,0.5572916666666666,0.5960619023653749,111.60601851851851,112.82997685185185,-1.2239583333333428,2.4571428571428573,-7,6.707060185185182,0.5196650596295358,0.6578947368421053,0.3832979036247762,0.4639366772754482,0.48900636485973065
179,Patrick Williams,CHI,2021,44,40.909090909090914,28.227272727272727,9.659090909090908,0.3421900161030596,3.75,8.0,46.875,0.8181818181818182,2.2045454545454546,37.11340206185567,1.3409090909090908,1.75,76.62337662337663,0.9090909090909091,4.0,4.909090909090909,1.2954545454545454,1.4545454545454546,0.890625,0.7045454545454546,0.7272727272727273,0.5198863636363636,0.5506893334715456,107.24064257028108,113.42570281124497,-6.185060240963892,2.1136363636363638,-161,6.899036144578313,0.6475052478604877,0.8947368421052633,0.25710704100757353,0.3172347980581799,0.4877123514751722
180,DeAndre Jordan,BKN,2021,45,66.66666666666666,22.4,7.6,0.3392857142857143,3.4444444444444446,4.488888888888889,76.73267326732673,0.0,0.022222222222222223,0.0,0.7111111111111111,1.4444444444444444,49.23076923076923,2.0444444444444443,5.288888888888889,7.333333333333333,1.6666666666666667,1.5333333333333334,1.0869565217391304,0.3111111111111111,1.2444444444444445,0.7673267326732673,0.7415437987857763,114.8480712166172,114.6297725024728,0.21829871414439594,2.111111111111111,7,11.08536102868447,0.4404973357015986,0.9210526315789473,0.2533475317706225,0.5065848274482766,0.4860932826300649
181,D.J. Augustin,HOU,2021,43,60.46511627906976,19.488372093023255,6.72093023255814,0.3448687350835322,2.13953488372093,5.488372093023256,38.983050847457626,1.3255813953488371,3.5348837209302326,37.5,1.1162790697674418,1.2093023255813953,92.3076923076923,0.3488372093023256,1.1395348837209303,1.4883720930232558,3.1627906976744184,1.0465116279069768,3.022222222222222,0.5581395348837209,0.023255813953488372,0.510593220338983,0.5581736711990112,114.00569395017791,109.82657176749701,4.179122182680899,0.9302325581395349,80,7.675207591933571,0.3370647279937214,0.868421052631579,0.2605745417646016,0.6237080506556953,0.483231144532779
182,Bruce Brown,BKN,2021,43,72.09302325581395,21.302325581395348,8.30232558139535,0.38973799126637554,3.4186046511627906,6.255813953488372,54.646840148698885,0.23255813953488372,0.9302325581395349,25.0,1.2325581395348837,1.6744186046511629,73.61111111111111,1.558139534883721,2.9302325581395348,4.488372093023256,1.5116279069767442,0.7906976744186046,1.911764705882353,0.7209302325581395,0.27906976744186046,0.5650557620817844,0.593654383397632,114.00600436681223,114.03144104803495,-0.025436681222714697,2.1627906976744184,-13,8.636353711790393,0.4015035730513445,0.868421052631579,0.3186561027329139,0.49937746884168904,0.4827273122717659
183,Nic Claxton,BKN,2021,15,80.0,19.0,8.466666666666667,0.4456140350877193,3.6,6.066666666666666,59.34065934065934,0.06666666666666667,0.26666666666666666,25.0,1.2,2.2,54.54545454545454,1.2666666666666666,3.2,4.466666666666667,0.8,0.5333333333333333,1.5,0.6666666666666666,1.5333333333333334,0.5989010989010989,0.6017816527672479,115.89157894736843,100.83017543859648,15.061403508771946,1.7333333333333334,87,12.055087719298244,0.3197158081705151,0.13157894736842107,0.39098553544408954,0.9455017066685019,0.4826870419779208
184,Dwayne Bacon,ORL,2021,46,32.608695652173914,25.282608695652176,10.41304347826087,0.411865864144454,3.8043478260869565,9.478260869565217,40.137614678899084,1.0217391304347827,3.0652173913043477,33.33333333333333,1.7826086956521738,2.108695652173913,84.5360824742268,0.2826086956521739,2.6739130434782608,2.9565217391304346,1.2173913043478262,0.6956521739130435,1.75,0.5217391304347826,0.06521739130434782,0.4552752293577982,0.5003342525277847,102.71718213058419,110.17577319587627,-7.458591065292083,1.6304347826086956,-187,6.232302405498277,0.5428990655649086,0.9473684210526316,0.34729980015526174,0.27957595358197496,0.481903114179448
185,Furkan Korkmaz,PHI,2021,35,71.42857142857143,19.314285714285713,8.885714285714286,0.46005917159763315,3.0,7.514285714285714,39.92395437262358,1.6857142857142857,4.6,36.64596273291926,1.2,1.6285714285714286,73.68421052631578,0.2857142857142857,1.8571428571428572,2.142857142857143,1.0571428571428572,0.9142857142857143,1.15625,0.7142857142857143,0.14285714285714285,0.5114068441064639,0.539780616495418,107.22547864506627,104.07039764359358,3.155081001472695,1.1714285714285715,55,7.949337260677468,0.33088048718599344,0.6578947368421053,0.4096842202067079,0.5934267203230021,0.4798469122931515
186,Mike Muscala,OKC,2021,35,42.857142857142854,18.514285714285716,9.685714285714285,0.5231481481481481,3.4,7.628571428571429,44.569288389513105,1.9428571428571428,5.257142857142857,36.95652173913043,0.9428571428571428,1.0285714285714285,91.66666666666666,0.5428571428571428,3.2285714285714286,3.7714285714285714,0.8,0.6,1.3333333333333333,0.22857142857142856,0.3142857142857143,0.5730337078651685,0.5992787441663132,102.78921417565485,101.91941448382127,0.8697996918335775,1.542857142857143,17,11.425269645608628,0.3024613042375032,0.6578947368421053,0.4913505224742344,0.5258499865839692,0.4758585029462525
187,Talen Horton-Tucker,LAL,2021,43,62.7906976744186,18.651162790697676,7.976744186046512,0.42768079800498754,3.116279069767442,7.0,44.518272425249165,0.46511627906976744,1.9069767441860466,24.390243902439025,1.2790697674418605,1.5348837209302326,83.33333333333334,0.3953488372093023,2.255813953488372,2.6511627906976742,2.302325581395349,1.3488372093023255,1.706896551724138,0.7906976744186046,0.46511627906976744,0.47840531561461797,0.5196339837595443,104.30981366459626,103.6776397515528,0.6321739130434594,2.046511627906977,5,8.748819875776396,0.30732372258251067,0.868421052631579,0.36777163595943174,0.5188232919205599,0.4755968313962736
188,Cameron Payne,PHX,2021,34,67.64705882352942,16.941176470588236,6.823529411764706,0.4027777777777778,2.5294117647058822,5.323529411764706,47.51381215469613,1.0,2.411764705882353,41.46341463414634,0.7647058823529411,0.8529411764705882,89.65517241379311,0.20588235294117646,1.911764705882353,2.1176470588235294,3.5588235294117645,1.0588235294117647,3.361111111111111,0.5588235294117647,0.20588235294117646,0.569060773480663,0.5986787778695294,113.82339688041593,105.50953206239168,8.313864818024243,1.7058823529411764,100,10.649220103986133,0.24657820499425348,0.631578947368421,0.33553561489129424,0.7459741370974335,0.4738616743427193
189,Derrick White,SAS,2021,20,50.0,27.8,13.15,0.47302158273381295,4.4,11.15,39.46188340807175,2.05,6.05,33.88429752066116,2.3,2.65,86.79245283018868,0.2,2.4,2.6,3.3,1.4,2.357142857142857,0.7,1.05,0.48654708520179374,0.5338583955829815,110.8068345323741,111.31726618705035,-0.5104316546762533,2.8,-13,7.4870503597122315,0.6323268206039077,0.2631578947368421,0.42646357285820646,0.4850359625914083,0.4731193883998093
190,Darius Bazley,OKC,2021,36,41.66666666666667,30.694444444444443,11.86111111111111,0.38642533936651585,4.388888888888889,11.194444444444445,39.20595533498759,1.5,5.166666666666667,29.03225806451613,1.5833333333333333,2.25,70.37037037037037,0.6111111111111112,6.888888888888889,7.5,1.5,1.75,0.8571428571428571,0.5,0.6388888888888888,0.45905707196029777,0.4867317162137516,103.26518987341774,112.06311030741414,-8.797920433996396,0.8611111111111112,-206,8.755515370705243,0.7351490033550425,0.6842105263157894,0.31436799970520946,0.23997141835209068,0.47180234746854066
191,PJ Dozier,DEN,2021,31,67.74193548387096,20.29032258064516,7.290322580645161,0.35930047694753575,2.7096774193548385,6.258064516129032,43.29896907216495,0.9354838709677419,2.5806451612903225,36.25,0.9354838709677419,1.4838709677419355,63.04347826086957,0.7419354838709677,3.0,3.7419354838709675,1.6129032258064515,0.8064516129032258,2.0,0.4838709677419355,0.4838709677419355,0.5077319587628866,0.527445855115758,110.33841269841267,103.00666666666666,7.3317460317460075,1.8387096774193548,77,8.372539682539681,0.36555320002291875,0.5526315789473684,0.2792558876629447,0.7169324696928603,0.4702022773300605
192,Alex Caruso,LAL,2021,37,59.45945945945946,19.972972972972972,5.5675675675675675,0.2787550744248985,1.945945945945946,4.837837837837838,40.22346368715084,0.8648648648648649,2.2432432432432434,38.55421686746988,0.8108108108108109,1.2702702702702702,63.829787234042556,0.5945945945945946,2.4324324324324325,3.027027027027027,2.4324324324324325,1.1081081081081081,2.1951219512195124,1.135135135135135,0.21621621621621623,0.49162011173184356,0.5158253205128205,109.77810810810811,101.73527027027028,8.042837837837837,1.7567567567567568,118,7.334594594594592,0.3542796793240843,0.7105263157894737,0.17499289992202877,0.7379597547984581,0.46994984174766874
193,Damion Lee,GSW,2021,46,47.82608695652174,18.782608695652176,6.565217391304348,0.34953703703703703,2.217391304347826,4.8478260869565215,45.73991031390135,1.391304347826087,3.5652173913043477,39.02439024390244,0.7391304347826086,0.8260869565217391,89.47368421052632,0.34782608695652173,2.782608695652174,3.130434782608696,1.3695652173913044,0.45652173913043476,3.0,0.6086956521739131,0.13043478260869565,0.600896860986547,0.6299015518104455,108.55940023068051,106.98535178777398,1.5740484429065305,1.4565217391304348,33,9.547404844290659,0.3119932041084254,0.9473684210526316,0.2666174826911476,0.5466749196618225,0.46952028327210593
194,Kenrich Williams,OKC,2021,46,41.30434782608695,19.847826086956523,7.173913043478261,0.3614457831325301,3.0434782608695654,5.282608695652174,57.61316872427984,0.6521739130434783,1.5,43.47826086956522,0.43478260869565216,0.8043478260869565,54.054054054054056,1.2173913043478262,2.782608695652174,4.0,1.9130434782608696,0.9782608695652174,1.9555555555555555,0.6956521739130435,0.1956521739130435,0.6378600823045267,0.6363776612156743,105.71369112814898,106.1050383351588,-0.3913472070098152,1.7826086956521738,-3,9.958926615553123,0.34983396401266514,0.9473684210526316,0.2820329056610075,0.4885573400159169,0.46816719450395333
195,Terance Mann,LAC,2021,45,66.66666666666666,17.622222222222224,6.066666666666666,0.3442622950819672,2.2888888888888888,4.5777777777777775,50.0,0.4222222222222222,1.0888888888888888,38.775510204081634,1.0666666666666667,1.3777777777777778,77.41935483870968,0.8444444444444444,2.911111111111111,3.7555555555555555,1.3555555555555556,0.5777777777777777,2.3461538461538463,0.4,0.2222222222222222,0.5461165048543689,0.585133744855967,113.40490566037735,109.86176100628931,3.5431446540880387,1.8222222222222222,15,8.610314465408806,0.2707716597592264,0.9210526315789473,0.2597895280398145,0.6049019264676343,0.46801091768141756
196,Al Horford,OKC,2021,28,39.285714285714285,27.928571428571427,14.214285714285714,0.5089514066496164,5.785714285714286,12.857142857142858,45.0,2.0,5.428571428571429,36.84210526315789,0.6428571428571429,0.7857142857142857,81.81818181818183,1.0357142857142858,5.678571428571429,6.714285714285714,3.357142857142857,1.0357142857142858,3.2413793103448274,0.8928571428571429,0.9285714285714286,0.5277777777777778,0.5383033975330015,102.19296675191815,109.36918158567774,-7.1762148337595875,1.7142857142857142,-101,13.130690537084401,0.6368941892920579,0.47368421052631576,0.472973375691631,0.28792593803772515,0.467210419744469
197,Lonnie Walker IV,SAS,2021,37,51.35135135135135,26.18918918918919,11.54054054054054,0.4406604747162023,4.4324324324324325,10.432432432432432,42.487046632124354,1.7027027027027026,4.783783783783784,35.59322033898305,0.972972972972973,1.2432432432432432,78.26086956521739,0.24324324324324326,2.5405405405405403,2.7837837837837838,1.6486486486486487,1.027027027027027,1.605263157894737,0.5135135135135135,0.35135135135135137,0.5064766839378239,0.5255513981882631,109.64082474226805,116.49247422680412,-6.851649484536068,1.972972972972973,-158,5.993608247422679,0.5751044116941098,0.7105263157894737,0.38457333824705886,0.29752347252631617,0.46715784902537977
198,Blake Griffin,BKN,2021,24,41.66666666666667,29.083333333333332,11.541666666666666,0.3968481375358166,3.8333333333333335,10.0,38.333333333333336,1.75,5.416666666666667,32.30769230769231,2.125,3.0416666666666665,69.86301369863014,0.4166666666666667,4.583333333333333,5.0,3.5,1.4583333333333333,2.4,0.7083333333333334,0.125,0.4708333333333333,0.5089666323680729,108.45343839541546,110.08696275071631,-1.6335243553008496,2.25,-33,9.017765042979942,0.6779159265837775,0.3684210526315789,0.327859919091253,0.4518256369854351,0.4664885530247068
199,Grayson Allen,MEM,2021,32,50.0,24.1875,9.84375,0.4069767441860465,3.1875,7.625,41.80327868852459,2.03125,5.0,40.625,1.4375,1.59375,90.19607843137256,0.375,2.875,3.25,2.09375,0.9375,2.2333333333333334,1.03125,0.15625,0.5512295081967213,0.5911274583395887,108.10576923076921,108.78153846153847,-0.6757692307692622,1.3125,-22,8.794230769230767,0.5039964476021315,0.5789473684210527,0.34097101864418744,0.4801468606197745,0.46434980343386967
200,Hamidou Diallo,DET,2021,34,41.17647058823529,23.764705882352942,11.941176470588236,0.5024752475247525,4.4411764705882355,9.147058823529411,48.55305466237942,0.38235294117647056,1.2647058823529411,30.23255813953488,2.676470588235294,4.147058823529412,64.53900709219859,1.1470588235294117,4.0588235294117645,5.205882352941177,2.3529411764705883,1.5,1.5686274509803921,0.9411764705882353,0.4117647058823529,0.5064308681672026,0.5441775680892129,102.24084158415845,107.89752475247526,-5.6566831683168175,2.5588235294117645,-81,10.536509900990099,0.4889771183784349,0.631578947368421,0.4645902317964331,0.33285913130830375,0.46226589699527226
201,Wayne Ellington,DET,2021,34,26.47058823529412,23.235294117647058,10.588235294117647,0.45569620253164556,3.588235294117647,7.9411764705882355,45.18518518518518,2.7058823529411766,6.352941176470588,42.592592592592595,0.7058823529411765,0.9117647058823529,77.41935483870968,0.23529411764705882,1.5588235294117647,1.7941176470588236,1.411764705882353,0.7352941176470589,1.92,0.4411764705882353,0.20588235294117646,0.6222222222222222,0.6346072486250176,110.34000000000002,113.54987341772151,-3.2098734177214965,1.5,-48,7.924556962025317,0.47017030613311045,0.631578947368421,0.40403652119479705,0.4052123292838129,0.46031552490605165
202,Denzel Valentine,CHI,2021,40,42.5,18.2,7.1,0.3901098901098901,2.725,7.3,37.32876712328767,1.425,4.275,33.33333333333333,0.225,0.225,100.0,0.45,3.35,3.8,1.625,0.55,2.9545454545454546,0.625,0.025,0.4708904109589041,0.4797945668333559,107.72112482853224,105.18683127572015,2.5342935528120876,1.075,53,9.164609053497944,0.2912966252220249,0.7894736842105263,0.31913751176866023,0.57506977321556,0.46022841290214167
203,Ricky Rubio,MIN,2021,45,24.444444444444443,26.355555555555554,8.333333333333334,0.31618887015177066,2.7333333333333334,7.066666666666666,38.67924528301887,0.8,2.7111111111111112,29.508196721311474,2.066666666666667,2.4444444444444446,84.54545454545455,0.4222222222222222,2.7555555555555555,3.1777777777777776,6.866666666666666,1.9333333333333333,3.5517241379310347,1.3555555555555556,0.044444444444444446,0.44339622641509435,0.5117358078602621,106.70495382031903,113.45465994962217,-6.749706129303135,2.2444444444444445,-185,9.641897565071371,0.5810144069469114,0.9210526315789473,0.2234495375789068,0.30053798060634224,0.45953255337231097
204,Derrick Favors,UTA,2021,44,75.0,15.75,5.909090909090909,0.37518037518037517,2.409090909090909,3.772727272727273,63.85542168674698,0.0,0.022727272727272728,0.0,1.0909090909090908,1.4772727272727273,73.84615384615385,2.1363636363636362,3.3636363636363638,5.5,0.8409090909090909,0.5909090909090909,1.4230769230769231,0.5227272727272727,1.0,0.6385542168674698,0.6680369989722508,114.6690100430416,110.7364418938307,3.932568149210894,2.272727272727273,39,11.712625538020088,0.2042628774422735,0.8947368421052633,0.2998118173985022,0.6164173437296766,0.4595018630161444
205,Sterling Brown,HOU,2021,44,29.545454545454547,24.181818181818183,7.840909090909091,0.3242481203007519,2.8181818181818183,6.5227272727272725,43.20557491289199,1.7045454545454546,4.2272727272727275,40.32258064516129,0.5,0.5454545454545454,91.66666666666666,0.8181818181818182,3.8863636363636362,4.704545454545454,1.4772727272727273,0.7954545454545454,1.8571428571428572,0.8181818181818182,0.2727272727272727,0.5627177700348432,0.5797150154590671,105.1517370892019,109.20591549295773,-4.054178403755827,1.9772727272727273,-108,8.704694835680751,0.503794606814145,0.8947368421052633,0.23388193313677919,0.38024587417164557,0.4587866508781504
206,Nickeil Alexander-Walker,NOP,2021,38,47.368421052631575,20.07894736842105,9.789473684210526,0.4875491480996068,3.6842105263157894,8.789473684210526,41.91616766467065,1.5526315789473684,4.5,34.50292397660819,0.868421052631579,1.131578947368421,76.74418604651163,0.2631578947368421,2.736842105263158,3.0,1.9736842105263157,1.2894736842105263,1.530612244897959,0.9473684210526315,0.4473684210526316,0.5074850299401198,0.5270316218973138,109.4844444444444,112.64640522875816,-3.1619607843137487,1.868421052631579,-28,8.980261437908494,0.3580443114892025,0.736842105263158,0.4452689586679479,0.4066291260942863,0.45834624765840426
207,Willie Cauley-Stein,DAL,2021,35,48.57142857142857,17.085714285714285,5.485714285714286,0.3210702341137124,2.257142857142857,3.6285714285714286,62.20472440944882,0.02857142857142857,0.22857142857142856,12.5,0.9428571428571428,1.4285714285714286,66.0,1.1428571428571428,3.142857142857143,4.285714285714286,0.7428571428571429,0.45714285714285713,1.625,0.3142857142857143,0.8,0.6259842519685039,0.6442953020134228,115.6469115191987,106.40200333889817,9.244908180300527,2.2857142857142856,76,8.297495826377292,0.2517127632580563,0.6578947368421053,0.2297682792448863,0.7735054826375474,0.4578572144097171
208,Cedi Osman,CLE,2021,44,36.36363636363637,25.068181818181817,9.977272727272727,0.3980054397098821,3.522727272727273,9.977272727272727,35.30751708428246,1.75,5.704545454545454,30.677290836653388,1.1818181818181819,1.5681818181818181,75.36231884057972,0.6363636363636364,2.840909090909091,3.477272727272727,2.6363636363636362,1.0681818181818181,2.4680851063829787,0.9772727272727273,0.13636363636363635,0.4407744874715262,0.46765808760865857,102.62992766726944,111.26075949367088,-8.630831826401433,1.8636363636363635,-191,6.94511754068716,0.5352817697400292,0.8947368421052633,0.3293580031358788,0.24491229906495732,0.456456905637576
209,Larry Nance Jr.,CLE,2021,29,37.93103448275862,32.827586206896555,10.068965517241379,0.3067226890756303,3.9655172413793105,8.137931034482758,48.728813559322035,1.2413793103448276,3.2758620689655173,37.89473684210527,0.896551724137931,1.4137931034482758,63.41463414634146,1.7241379310344827,5.344827586206897,7.068965517241379,3.1379310344827585,1.5172413793103448,2.0681818181818183,1.793103448275862,0.5862068965517241,0.5635593220338984,0.5747126436781609,100.98364779874211,107.12882599580713,-6.145178197065022,2.103448275862069,-130,10.978616352201255,0.8109266858577819,0.49999999999999994,0.2111959229642486,0.31841412694436766,0.4556160581216474
210,Tomas Satoransky,CHI,2021,34,41.17647058823529,22.676470588235293,7.852941176470588,0.3463035019455253,2.8823529411764706,5.588235294117647,51.578947368421055,0.7941176470588235,1.9705882352941178,40.298507462686565,1.2941176470588236,1.411764705882353,91.66666666666666,0.5294117647058824,2.0,2.5294117647058822,4.794117647058823,1.7058823529411764,2.810344827586207,0.7058823529411765,0.2647058823529412,0.5868421052631579,0.6323417961348996,110.35966277561609,108.69636835278862,1.6632944228274624,1.3529411764705883,35,10.390272373540855,0.45031867098526807,0.631578947368421,0.2624317933898699,0.549313960989889,0.4554851247090553
211,Tristan Thompson,BOS,2021,36,50.0,22.52777777777778,7.944444444444445,0.3526510480887793,3.3055555555555554,6.194444444444445,53.36322869955157,0.0,0.08333333333333333,0.0,1.3333333333333333,2.2222222222222223,60.0,3.138888888888889,5.25,8.38888888888889,1.0,0.9722222222222222,1.0285714285714285,0.3611111111111111,0.3611111111111111,0.5336322869955157,0.5538342370255616,111.1419434194342,110.69643296432962,0.4455104551045821,2.0833333333333335,8,10.627060270602707,0.4450365107558714,0.6842105263157894,0.2706484526279063,0.5133035746136632,0.454963213251393
212,Mitchell Robinson,NYK,2021,31,48.38709677419355,27.483870967741936,8.258064516129032,0.3004694835680751,3.7096774193548385,5.67741935483871,65.3409090909091,0.0,0.0,,0.8387096774193549,1.7096774193548387,49.056603773584904,3.6451612903225805,4.483870967741935,8.129032258064516,0.5483870967741935,0.8387096774193549,0.6538461538461539,1.1290322580645162,1.4516129032258065,0.6534090909090909,0.6421834236403773,106.1898007033998,106.80633059788981,-0.6165298944900144,2.774193548387097,-17,10.443962485345839,0.6210966596000689,0.5526315789473684,0.2031013841233456,0.48189859281910363,0.45471444103064995
213,Isaiah Stewart,DET,2021,44,29.545454545454547,19.09090909090909,6.431818181818182,0.33690476190476193,2.772727272727273,4.795454545454546,57.81990521327014,0.18181818181818182,0.4318181818181818,42.10526315789473,0.7045454545454546,1.0454545454545454,67.3913043478261,2.227272727272727,3.522727272727273,5.75,0.7954545454545454,0.8863636363636364,0.8974358974358975,0.5227272727272727,1.0,0.5971563981042654,0.6119183532260855,106.92479240806642,106.03179122182678,0.8930011862396441,2.4318181818181817,6,10.680071174377222,0.32294526077829805,0.8947368421052633,0.25026547865359733,0.5265360645749864,0.4537277727292839
214,Cam Reddish,ATL,2021,26,38.46153846153847,28.807692307692307,11.23076923076923,0.38985313751668893,3.6923076923076925,10.115384615384615,36.50190114068441,1.2692307692307692,4.846153846153846,26.190476190476193,2.576923076923077,3.1538461538461537,81.70731707317073,0.8461538461538461,3.1538461538461537,4.0,1.3461538461538463,1.3076923076923077,1.0294117647058822,1.2692307692307692,0.34615384615384615,0.42775665399239543,0.4881637020195266,111.09587765957448,115.04215425531916,-3.9462765957446777,2.6153846153846154,-49,5.218218085106384,0.6681240606640253,0.4210526315789473,0.31880515521398456,0.3834365762174612,0.4508921630104324
215,Naz Reid,MIN,2021,45,22.22222222222222,19.177777777777777,11.022222222222222,0.574739281575898,4.288888888888889,8.222222222222221,52.16216216216216,0.8,2.3777777777777778,33.64485981308411,1.6444444444444444,2.3555555555555556,69.81132075471697,1.1111111111111112,3.3777777777777778,4.488888888888889,1.1555555555555554,1.0888888888888888,1.0612244897959184,0.6,1.1111111111111112,0.5702702702702702,0.5952380952380952,101.28125000000003,111.90231481481482,-10.621064814814787,2.6222222222222222,-213,11.405324074074077,0.3260311821590685,0.9210526315789473,0.5581333001828152,0.186060268827206,0.4498529066192563
216,Robin Lopez,WAS,2021,45,37.77777777777778,19.955555555555556,8.088888888888889,0.4053452115812918,3.2444444444444445,5.511111111111111,58.87096774193549,0.1111111111111111,0.3333333333333333,33.33333333333333,1.488888888888889,2.111111111111111,70.52631578947368,2.2,1.9111111111111112,4.111111111111111,0.8444444444444444,1.0444444444444445,0.8085106382978723,0.28888888888888886,0.6222222222222222,0.5987903225806451,0.6280193236714976,105.04999999999997,109.24643652561254,-4.196436525612569,1.7777777777777777,-82,9.161692650334075,0.3536609433589896,0.9210526315789473,0.33885906118118225,0.3760392414116524,0.44938934100045075
217,Isaac Okoro,CLE,2021,42,35.714285714285715,32.023809523809526,7.761904761904762,0.24237918215613383,2.880952380952381,7.119047619047619,40.468227424749166,0.8095238095238095,2.857142857142857,28.333333333333332,1.1904761904761905,1.7142857142857142,69.44444444444444,0.8809523809523809,1.8571428571428572,2.738095238095238,1.7857142857142858,1.4761904761904763,1.2096774193548387,1.0476190476190477,0.4523809523809524,0.46153846153846156,0.4929236724325632,102.71032689450224,112.93358098068352,-10.22325408618127,2.8095238095238093,-298,3.1298662704309064,0.7823733400998056,0.8421052631578947,0.1279056784183909,0.1978237001273303,0.44736929177739093
218,Jeff Teague,BOS,2021,34,44.11764705882353,18.11764705882353,6.852941176470588,0.3782467532467532,2.2941176470588234,5.529411764705882,41.48936170212766,0.7647058823529411,1.6470588235294117,46.42857142857143,1.5,1.7941176470588236,83.60655737704919,0.29411764705882354,1.3823529411764706,1.6764705882352942,2.1470588235294117,1.1470588235294117,1.8717948717948718,0.7647058823529411,0.20588235294117646,0.48404255319148937,0.5422640104263639,113.6868719611021,109.80648298217179,3.8803889789303128,1.2647058823529411,57,6.855429497568882,0.28837112109497437,0.631578947368421,0.30378112823103465,0.6148743836214825,0.44016627248617457
219,Landry Shamet,BKN,2021,39,66.66666666666666,20.025641025641026,7.82051282051282,0.3905249679897567,2.5384615384615383,6.487179487179487,39.130434782608695,1.8205128205128205,4.871794871794871,37.368421052631575,0.9230769230769231,1.1025641025641026,83.72093023255815,0.20512820512820512,1.5897435897435896,1.794871794871795,1.1025641025641026,0.6923076923076923,1.5925925925925926,0.48717948717948717,0.1282051282051282,0.5316205533596838,0.560826713739335,112.00203562340968,113.72798982188297,-1.7259541984732891,1.2820512820512822,-17,5.379643765903309,0.35615065810447694,0.763157894736842,0.3196748144395096,0.449092447476004,0.4390232070371429
220,LaMarcus Aldridge,SAS,2021,21,57.14285714285714,25.80952380952381,13.714285714285714,0.5313653136531366,5.476190476190476,11.80952380952381,46.37096774193548,1.2857142857142858,3.5714285714285716,36.0,1.4761904761904763,1.7619047619047619,83.78378378378379,0.8095238095238095,3.6666666666666665,4.476190476190476,1.7142857142857142,0.9523809523809523,1.8,0.38095238095238093,0.8571428571428571,0.5181451612903226,0.5448766459815348,108.64686346863472,114.07140221402213,-5.424538745387409,1.7142857142857142,-58,9.465867158671587,0.5616171868392117,0.28947368421052627,0.5019873335084941,0.33972373996332283,0.43835619034797313
221,D'Angelo Russell,MIN,2021,20,25.0,29.15,19.25,0.660377358490566,6.95,16.3,42.63803680981595,2.95,7.4,39.86486486486486,2.4,3.2,75.0,0.45,2.15,2.6,5.05,2.7,1.8703703703703705,1.1,0.5,0.5168711656441718,0.5435396430991641,103.55616438356164,118.21609589041094,-14.659931506849304,1.95,-197,10.388013698630138,0.6802841918294851,0.2631578947368421,0.6689885629769913,0.06662927453173073,0.43751378413071323
222,Trey Burke,DAL,2021,44,52.27272727272727,15.204545454545455,6.886363636363637,0.452914798206278,2.5454545454545454,5.659090909090909,44.97991967871486,1.0454545454545454,2.7954545454545454,37.39837398373984,0.75,0.8636363636363636,86.8421052631579,0.11363636363636363,0.8409090909090909,0.9545454545454546,1.4318181818181819,0.5454545454545454,2.625,0.5681818181818182,0.06818181818181818,0.5421686746987951,0.5701490290531386,108.68750000000001,110.27872023809523,-1.591220238095218,1.0681818181818181,-32,9.13065476190476,0.18488616179557565,0.8947368421052633,0.4004360981291004,0.45307658760250435,0.4366525915091003
223,Jeremy Lamb,IND,2021,28,42.857142857142854,21.464285714285715,10.428571428571429,0.4858569051580699,3.4285714285714284,7.714285714285714,44.44444444444444,1.5,3.607142857142857,41.584158415841586,2.0714285714285716,2.1785714285714284,95.08196721311475,0.7142857142857143,2.75,3.4642857142857144,1.6428571428571428,0.6071428571428571,2.7058823529411766,0.7857142857142857,0.5,0.5416666666666666,0.6012189095700873,113.09370860927152,115.22317880794704,-2.12947019867552,2.0,-27,9.87566225165563,0.40725704136006097,0.47368421052631576,0.44307841396220227,0.4371603088854111,0.4365108824413114
224,Payton Pritchard,BOS,2021,41,48.78048780487805,19.634146341463413,7.2926829268292686,0.37142857142857144,2.731707317073171,5.951219512195122,45.90163934426229,1.3658536585365855,3.268292682926829,41.7910447761194,0.4634146341463415,0.5365853658536586,86.36363636363636,0.5609756097560976,1.6829268292682926,2.2439024390243905,2.0,0.926829268292683,2.1578947368421053,0.5609756097560976,0.17073170731707318,0.5737704918032787,0.5893251340271207,110.91995043370505,112.75972738537791,-1.8397769516728602,1.853658536585366,-14,7.358240396530361,0.3422432092882208,0.8157894736842106,0.29495524885046254,0.4457266605796741,0.4360194212011709
225,Xavier Tillman,MEM,2021,34,47.05882352941176,18.58823529411765,6.294117647058823,0.33860759493670883,2.676470588235294,5.147058823529412,52.0,0.29411764705882354,1.088235294117647,27.027027027027028,0.6470588235294118,0.8823529411764706,73.33333333333333,1.2647058823529411,2.823529411764706,4.088235294117647,1.4411764705882353,0.7941176470588235,1.8148148148148149,0.8235294117647058,0.5294117647058824,0.5485714285714286,0.5685441020191286,110.15078616352201,105.64355345911949,4.507232704402526,2.1176470588235294,45,8.458333333333334,0.3050882875352629,0.631578947368421,0.2524697318322292,0.6334104173927072,0.43569674121404495
226,Wendell Carter Jr.,ORL,2021,33,45.45454545454545,24.606060606060606,10.787878787878787,0.43842364532019706,3.9696969696969697,7.7272727272727275,51.37254901960784,0.24242424242424243,0.696969696969697,34.78260869565217,2.606060606060606,3.5757575757575757,72.88135593220339,2.1515151515151514,5.666666666666667,7.818181818181818,2.090909090909091,1.5151515151515151,1.38,0.5757575757575758,0.7272727272727273,0.5294117647058824,0.5799556887788349,106.91965601965603,113.58857493857494,-6.668918918918905,2.9696969696969697,-101,11.522235872235871,0.5188653856504657,0.6052631578947367,0.38167784690192996,0.3029268925458165,0.43483427253830065
227,David Nwaba,HOU,2021,30,26.666666666666668,22.566666666666666,9.2,0.4076809453471196,3.533333333333333,7.266666666666667,48.62385321100918,0.5666666666666667,2.1,26.984126984126984,1.5666666666666667,2.2666666666666666,69.11764705882352,1.3333333333333333,2.6,3.933333333333333,1.0333333333333334,0.5666666666666667,1.8235294117647058,1.0,0.7,0.5252293577981652,0.5566311713455954,106.940206185567,108.23991163475701,-1.2997054491900002,2.0,-28,8.999263622974961,0.44641799881586747,0.5263157894736843,0.34188258050525666,0.4616968030603331,0.4347580433593302
228,Frank Kaminsky,PHX,2021,32,71.875,15.15625,6.5625,0.4329896907216495,2.5625,5.4375,47.12643678160919,0.8125,2.0,40.625,0.625,1.03125,60.60606060606061,0.6875,3.0,3.6875,1.625,0.46875,3.466666666666667,0.3125,0.40625,0.5459770114942529,0.5569700827498408,111.83292181069959,106.49403292181073,5.33888888888886,1.3125,42,12.502057613168724,0.18317051509769094,0.5789473684210527,0.37464379748447474,0.6580028420996367,0.4339287571759087
229,Matisse Thybulle,PHI,2021,43,72.09302325581395,19.0,3.6744186046511627,0.193390452876377,1.4186046511627908,3.488372093023256,40.666666666666664,0.6511627906976745,2.13953488372093,30.434782608695656,0.18604651162790697,0.32558139534883723,57.14285714285714,0.5116279069767442,1.302325581395349,1.813953488372093,1.0,0.3953488372093023,2.5294117647058822,1.5348837209302326,0.9767441860465116,0.5,0.505891393442623,108.79181929181932,103.62197802197804,5.169841269841285,2.116279069767442,63,4.635409035409036,0.3197158081705151,0.868421052631579,0.06449161479256427,0.6530040325905354,0.4319799954799667
230,Nerlens Noel,NYK,2021,41,48.78048780487805,22.70731707317073,4.951219512195122,0.21804511278195488,2.1707317073170733,3.5365853658536586,61.37931034482759,0.0,0.04878048780487805,0.0,0.6097560975609756,0.926829268292683,65.78947368421053,2.1951219512195124,4.024390243902439,6.219512195121951,0.6585365853658537,1.170731707317073,0.5625,1.024390243902439,2.048780487804878,0.6137931034482759,0.6276279990106357,107.73886509635975,107.14325481798714,0.5956102783726038,2.6097560975609757,-6,8.605246252676658,0.4514144608586406,0.8157894736842106,0.09640614278526083,0.5177420897971006,0.4311868794989736
231,James Wiseman,GSW,2021,33,48.484848484848484,21.636363636363637,11.818181818181818,0.5462184873949579,4.96969696969697,9.515151515151516,52.22929936305732,0.3333333333333333,1.0,33.33333333333333,1.5454545454545454,2.4545454545454546,62.96296296296296,1.393939393939394,4.515151515151516,5.909090909090909,0.6060606060606061,1.5454545454545454,0.39215686274509803,0.30303030303030304,1.0303030303030303,0.5398089171974523,0.557716508408649,102.82731092436975,111.1812324929972,-8.353921568627442,3.303030303030303,-145,8.715686274509805,0.4133699337962216,0.6052631578947367,0.521214207088547,0.25310065236757767,0.43044068850786793
232,Terence Davis,SAC,2021,36,47.22222222222222,14.75,7.055555555555555,0.4783427495291902,2.5833333333333335,6.194444444444445,41.70403587443946,1.3333333333333333,3.6666666666666665,36.36363636363637,0.5555555555555556,0.6388888888888888,86.95652173913044,0.25,1.7222222222222223,1.9722222222222223,1.1388888888888888,0.8888888888888888,1.28125,0.5555555555555556,0.19444444444444445,0.5246636771300448,0.544783802333562,109.88646616541354,108.66578947368417,1.2206766917293663,1.3888888888888888,-4,5.76109022556391,0.16873889875666076,0.6842105263157894,0.43335162271552585,0.536225567698249,0.42972604832787653
233,Svi Mykhailiuk,OKC,2021,42,26.190476190476193,18.023809523809526,7.214285714285714,0.4002642007926024,2.5238095238095237,6.523809523809524,38.68613138686132,1.5952380952380953,4.761904761904762,33.5,0.5714285714285714,0.7142857142857143,80.0,0.30952380952380953,1.7857142857142858,2.0952380952380953,1.619047619047619,1.119047619047619,1.446808510638298,0.7857142857142857,0.14285714285714285,0.5091240875912408,0.5275069637883009,109.13425559947301,111.73992094861654,-2.6056653491435355,0.8333333333333334,-45,7.349802371541505,0.2850376385012265,0.8421052631578947,0.33228188422283633,0.4230790171182817,0.4285249620105052
234,Cody Zeller,CHA,2021,26,53.84615384615385,21.46153846153846,8.73076923076923,0.4068100358422939,3.5384615384615383,6.961538461538462,50.82872928176796,0.11538461538461539,0.7692307692307693,15.0,1.5384615384615385,2.230769230769231,68.96551724137932,2.5,4.384615384615385,6.884615384615385,2.1153846153846154,0.9230769230769231,2.2916666666666665,0.6923076923076923,0.4230769230769231,0.5165745856353591,0.5495835754406353,115.00376344086023,113.59641577060931,1.407347670250914,2.3461538461538463,11,10.335304659498206,0.4071594480120235,0.4210526315789473,0.34075522097657884,0.5417455073919524,0.4284290999697806
235,Thomas Bryant,WAS,2021,10,20.0,27.2,14.3,0.5257352941176471,5.9,9.1,64.83516483516483,0.9,2.1,42.857142857142854,1.6,2.4,66.66666666666666,1.8,4.3,6.1,1.5,1.1,1.3636363636363635,0.4,0.8,0.6978021978021978,0.7040173296573454,113.36556776556776,115.6234432234432,-2.2578754578754427,3.1,-14,10.350915750915751,0.61101243339254,0.0,0.4946994854200216,0.4333633111262971,0.428375938999649
236,Robert Williams III,BOS,2021,40,50.0,18.05,7.7,0.4265927977839335,3.375,4.725,71.42857142857143,0.0,0.025,0.0,0.95,1.475,64.40677966101694,2.5,4.225,6.725,1.55,1.0,1.55,0.875,1.85,0.7142857142857143,0.7164123557871231,110.27977991746904,113.08583218707012,-2.806052269601082,1.95,-42,16.069050894085283,0.28596802841918295,0.7894736842105263,0.36636326068092984,0.41715349122725576,0.4279364217525211
237,Timothe Luwawu-Cabarrot,BKN,2021,40,65.0,19.425,6.925,0.3564993564993565,2.425,6.45,37.5968992248062,1.45,4.25,34.11764705882353,0.625,0.8,78.125,0.45,2.0,2.45,1.25,0.825,1.5151515151515151,0.675,0.125,0.4883720930232558,0.5090414583945898,113.10990990990989,114.57966537966543,-1.4697554697555404,1.875,-33,4.9127413127413115,0.33481349911190056,0.7894736842105263,0.2756299428193857,0.4566683521148829,0.42727594057092055
238,Tyus Jones,MEM,2021,44,50.0,19.704545454545453,7.045454545454546,0.3575547866205306,2.9318181818181817,6.7727272727272725,43.288590604026844,0.6363636363636364,2.25,28.28282828282828,0.5454545454545454,0.6136363636363636,88.88888888888889,0.3409090909090909,1.8863636363636365,2.227272727272727,4.113636363636363,0.8409090909090909,4.891891891891892,1.1136363636363635,0.11363636363636363,0.4798657718120805,0.5001936233380664,104.87072330654422,108.86532721010332,-3.9946039035590957,0.45454545454545453,-87,11.524110218140068,0.34474406588083323,0.8947368421052633,0.27699615733118776,0.382007517309604,0.427008033392554
239,Markieff Morris,LAL,2021,41,58.536585365853654,18.658536585365855,6.341463414634147,0.33986928104575165,2.292682926829268,5.487804878048781,41.77777777777778,1.0975609756097562,3.2195121951219514,34.090909090909086,0.6585365853658537,0.926829268292683,71.05263157894737,0.6829268292682927,3.7560975609756095,4.439024390243903,1.024390243902439,0.7560975609756098,1.3548387096774193,0.2682926829268293,0.3170731707317073,0.5177777777777778,0.5378123448618236,105.89140625,106.32083333333334,-0.4294270833333371,1.7317073170731707,1,7.696875,0.3075856691071352,0.8157894736842106,0.254102936946364,0.4874313019862547,0.4266103042289596
240,Deni Avdija,WAS,2021,41,41.46341463414634,22.146341463414632,6.195121951219512,0.27973568281938327,2.3902439024390243,5.439024390243903,43.946188340807176,1.0,2.975609756097561,33.60655737704918,0.4146341463414634,0.6341463414634146,65.38461538461539,0.3902439024390244,4.170731707317073,4.560975609756097,1.1951219512195121,0.6829268292682927,1.75,0.5853658536585366,0.21951219512195122,0.531390134529148,0.5417164306432349,109.97018701870186,111.9859185918592,-2.015731573157339,2.6341463414634148,-48,5.994279427942796,0.43148637525451633,0.8157894736842106,0.17626226052872596,0.4405236080906627,0.4263743710361316
241,Eric Paschall,GSW,2021,38,50.0,17.236842105263158,9.473684210526315,0.549618320610687,3.710526315789474,7.473684210526316,49.647887323943664,0.42105263157894735,1.3157894736842106,32.0,1.631578947368421,2.289473684210526,71.26436781609196,0.7105263157894737,2.3947368421052633,3.1052631578947367,1.2894736842105263,1.0263157894736843,1.2564102564102564,0.2894736842105263,0.15789473684210525,0.5246478873239436,0.5585205411443466,104.0608828006088,110.41552511415524,-6.354642313546449,1.6842105263157894,-99,9.997108066971082,0.25708142469851364,0.736842105263158,0.5256151630437066,0.3122201845322702,0.42633078231815424
242,Jordan Poole,GSW,2021,26,46.15384615384615,17.192307692307693,11.038461538461538,0.6420581655480985,3.769230769230769,8.0,47.11538461538461,1.6923076923076923,4.538461538461538,37.28813559322034,1.8076923076923077,1.9615384615384615,92.15686274509804,0.15384615384615385,1.4230769230769231,1.5769230769230769,1.6538461538461537,0.7692307692307693,2.15,0.34615384615384615,0.11538461538461539,0.5769230769230769,0.6227217496962333,105.62544642857141,109.64241071428572,-4.016964285714309,1.3076923076923077,-34,13.06473214285714,0.25549938516190746,0.4210526315789473,0.6452750581789097,0.3813463113631709,0.42633062760313634
243,Marc Gasol,LAL,2021,38,68.42105263157895,19.81578947368421,4.842105263157895,0.24435590969455512,1.5526315789473684,3.8421052631578947,40.41095890410959,0.868421052631579,2.4473684210526314,35.483870967741936,0.868421052631579,1.105263157894737,78.57142857142857,0.6842105263157895,3.236842105263158,3.9210526315789473,1.9736842105263157,0.9473684210526315,2.0833333333333335,0.5,1.2105263157894737,0.5171232876712328,0.5593385214007782,109.47559681697612,105.60053050397877,3.8750663129973475,2.3421052631578947,61,7.148673740053051,0.3486958960456203,0.736842105263158,0.13046447771233727,0.6147169901412941,0.4260414803203794
244,Isaiah Roby,OKC,2021,40,40.0,23.3,8.95,0.38412017167381973,3.425,6.775,50.55350553505535,0.525,1.65,31.818181818181817,1.575,2.175,72.41379310344827,1.575,4.05,5.625,1.75,1.6,1.09375,0.9,0.7,0.544280442804428,0.5787635799275738,103.32145922746784,111.33197424892704,-8.010515021459199,2.675,-173,9.410407725321887,0.47246891651865014,0.7894736842105263,0.31138404701074274,0.26325532903882465,0.421708299326224
245,Cory Joseph,DET,2021,47,42.5531914893617,21.5531914893617,6.872340425531915,0.3188548864758144,2.574468085106383,5.787234042553192,44.48529411764706,0.7021276595744681,2.127659574468085,33.0,1.0212765957446808,1.2765957446808511,80.0,0.574468085106383,1.7872340425531914,2.3617021276595747,2.5319148936170213,1.0638297872340425,2.38,0.9148936170212766,0.2127659574468085,0.5055147058823529,0.5412198391420912,109.0386430678466,115.80422812192725,-6.7655850540806455,2.234042553191489,-178,6.225762045231073,0.4104153282188882,0.9736842105263157,0.22690059522596157,0.30006843409264783,0.42156320758477894
246,Jaden McDaniels,MIN,2021,40,17.5,21.275,6.15,0.2890716803760282,2.375,5.45,43.57798165137615,1.05,2.825,37.16814159292036,0.35,0.7,50.0,0.725,2.7,3.425,1.025,0.625,1.64,0.475,1.075,0.5321100917431193,0.5340395970823203,107.2663157894737,108.812514619883,-1.5461988304093097,2.325,-29,5.532982456140351,0.40053285968028424,0.7894736842105263,0.18834735748412473,0.45440788964698986,0.4206450142905762
247,Dwight Howard,PHI,2021,46,69.56521739130434,17.0,6.6521739130434785,0.391304347826087,2.4782608695652173,4.3478260869565215,56.99999999999999,0.08695652173913043,0.30434782608695654,28.57142857142857,1.608695652173913,2.9347826086956523,54.81481481481482,2.5869565217391304,5.521739130434782,8.108695652173912,0.7391304347826086,1.7826086956521738,0.4146341463414634,0.43478260869565216,0.9347826086956522,0.58,0.5898226676946801,102.16870229007634,106.28040712468193,-4.1117048346055896,2.9782608695652173,-70,11.280661577608145,0.2486678507992895,0.9473684210526316,0.3206836922621511,0.3785447933094802,0.4201469364302572
248,Wesley Matthews,LAL,2021,40,57.49999999999999,20.2,4.5,0.22277227722772278,1.475,4.125,35.75757575757576,1.1,3.225,34.10852713178294,0.45,0.525,85.71428571428571,0.3,1.25,1.55,1.025,0.45,2.2777777777777777,0.525,0.325,0.4909090909090909,0.5165289256198347,107.32333333333328,104.82024691358025,2.503086419753032,1.45,41,3.6487654320987657,0.3623445825932505,0.7894736842105263,0.10252527898946406,0.5741469651076061,0.4194561746568761
249,Kira Lewis Jr.,NOP,2021,31,45.16129032258064,14.935483870967742,6.161290322580645,0.41252699784017277,2.3870967741935485,5.709677419354839,41.80790960451977,0.7419354838709677,2.064516129032258,35.9375,0.6451612903225806,0.8709677419354839,74.07407407407408,0.12903225806451613,0.9354838709677419,1.064516129032258,2.225806451612903,0.41935483870967744,5.3076923076923075,0.6774193548387096,0.12903225806451613,0.4830508474576271,0.5056120288013554,111.91120689655175,106.72715517241379,5.184051724137959,1.3225806451612903,54,7.78125,0.17532802383544382,0.5526315789473684,0.3481556128056792,0.6534242417272691,0.41875690333885157
250,Aaron Holiday,IND,2021,43,44.18604651162791,17.41860465116279,6.6976744186046515,0.38451268357810414,2.488372093023256,6.674418604651163,37.282229965156795,0.9302325581395349,2.813953488372093,33.057851239669425,0.7906976744186046,1.0465116279069768,75.55555555555556,0.18604651162790697,1.0,1.186046511627907,1.6511627906976745,0.7441860465116279,2.21875,0.627906976744186,0.11627906976744186,0.4425087108013937,0.469361147327249,109.69973333333331,112.62186666666669,-2.9221333333333774,1.5813953488372092,-38,4.5430666666666655,0.2635383535048949,0.868421052631579,0.31189213887673184,0.41372092513445385,0.418603284892853
251,Semi Ojeleye,BOS,2021,40,47.5,19.1,5.325,0.2787958115183246,1.775,4.35,40.804597701149426,1.225,3.125,39.2,0.55,0.75,73.33333333333333,0.625,2.3,2.925,0.75,0.4,1.875,0.275,0.0,0.5488505747126436,0.5689102564102565,110.22506527415142,109.13681462140993,1.0882506527414932,1.1,33,6.405352480417756,0.3232682060390764,0.7894736842105263,0.1750456325540532,0.5323096737822341,0.4171200355058797
252,Raul Neto,WAS,2021,40,37.5,20.45,8.025,0.3924205378973105,3.1,6.925,44.765342960288805,0.95,2.6,36.53846153846153,0.875,1.075,81.3953488372093,0.375,1.95,2.325,2.175,0.75,2.9,1.15,0.075,0.516245487364621,0.5423763179237632,106.52092457420922,112.04987834549878,-5.528953771289565,1.6,-91,8.431143552311436,0.3712255772646536,0.7894736842105263,0.32212855823919806,0.3366361435374551,0.4169437855612339
253,Devin Vassell,SAS,2021,37,56.75675675675676,17.16216216216216,5.324324324324325,0.3102362204724409,1.837837837837838,4.45945945945946,41.21212121212121,0.9459459459459459,2.2972972972972974,41.17647058823529,0.7027027027027027,0.8108108108108109,86.66666666666667,0.4594594594594595,2.5945945945945947,3.054054054054054,1.0,0.40540540540540543,2.466666666666667,0.8918918918918919,0.2972972972972973,0.5181818181818182,0.5527497194163861,106.07299843014127,102.58759811616953,3.4854003139717378,1.3783783783783783,41,8.278178963893248,0.2544284959915511,0.7105263157894737,0.21574405692943716,0.6031944019364021,0.4159906445405701
254,Facundo Campazzo,DEN,2021,40,62.5,17.875,4.875,0.2727272727272727,1.525,4.05,37.65432098765432,1.0,2.8,35.714285714285715,0.825,1.025,80.48780487804879,0.225,1.125,1.35,2.775,0.875,3.1714285714285713,1.0,0.2,0.5,0.5415463230393246,111.64755244755243,109.01944055944054,2.6281118881118886,1.975,39,6.016223776223776,0.2797513321492007,0.7894736842105263,0.16719013781741826,0.5778440210237632,0.41549511955372653
255,Bogdan Bogdanovic,ATL,2021,21,61.904761904761905,23.333333333333332,10.142857142857142,0.4346938775510204,3.761904761904762,9.095238095238095,41.361256544502616,1.9523809523809523,5.761904761904762,33.88429752066116,0.6666666666666666,0.7142857142857143,93.33333333333333,0.42857142857142855,2.7142857142857144,3.142857142857143,2.2857142857142856,0.9523809523809523,2.4,0.5714285714285714,0.19047619047619047,0.5209424083769634,0.5389676113360324,108.1130612244898,109.13816326530612,-1.0251020408163214,2.0,-3,8.582653061224491,0.4736530491415038,0.28947368421052627,0.3768498031028461,0.4698169418516618,0.4152521672514601
256,Jaylen Nowell,MIN,2021,33,21.21212121212121,19.393939393939394,10.333333333333334,0.5328125,3.878787878787879,8.636363636363637,44.91228070175438,1.393939393939394,3.8484848484848486,36.22047244094488,1.1818181818181819,1.4242424242424243,82.97872340425532,0.5454545454545454,1.7575757575757576,2.303030303030303,1.5757575757575757,0.696969696969697,2.260869565217391,0.5757575757575758,0.30303030303030304,0.5298245614035088,0.5577728343365611,105.3349453978159,112.30764430577226,-6.972698907956357,1.9696969696969697,-89,7.945397815912636,0.33371010280424135,0.6052631578947367,0.5038606616888263,0.2939439899386658,0.414806694369464
257,Jusuf Nurkic,POR,2021,14,64.28571428571429,22.785714285714285,9.714285714285714,0.4263322884012539,4.071428571428571,8.285714285714286,49.137931034482754,0.35714285714285715,1.1428571428571428,31.25,1.2142857142857142,2.357142857142857,51.515151515151516,1.9285714285714286,5.5,7.428571428571429,2.642857142857143,1.9285714285714286,1.3703703703703705,0.8571428571428571,0.9285714285714286,0.5129310344827587,0.5209929512718356,112.723125,109.16062500000001,3.562499999999986,2.857142857142857,21,10.188437500000001,0.45419944176604926,0.10526315789473684,0.36602604110387105,0.6054742722228819,0.4141881862201282
258,Tony Snell,ATL,2021,33,57.57575757575758,20.0,5.393939393939394,0.2696969696969697,1.9090909090909092,3.696969696969697,51.63934426229508,1.4545454545454546,2.5454545454545454,57.14285714285714,0.12121212121212122,0.12121212121212122,100.0,0.3939393939393939,1.878787878787879,2.272727272727273,1.393939393939394,0.42424242424242425,3.2857142857142856,0.15151515151515152,0.24242424242424243,0.7131147540983607,0.7191338073691015,113.9453172205438,110.2880664652568,3.657250755286995,1.4848484848484849,64,6.249093655589124,0.35523978685612795,0.6052631578947367,0.16326752475938627,0.6082760920840059,0.41348980174899796
259,Tony Bradley,OKC,2021,21,57.14285714285714,14.333333333333334,5.571428571428571,0.38870431893687707,2.5714285714285716,3.7142857142857144,69.23076923076923,0.0,0.047619047619047616,0.0,0.42857142857142855,0.6190476190476191,69.23076923076923,1.9523809523809523,3.238095238095238,5.190476190476191,0.8571428571428571,0.47619047619047616,1.8,0.3333333333333333,0.6190476190476191,0.6923076923076923,0.6987577639751553,115.99172185430463,104.51655629139073,11.4751655629139,1.4761904761904763,76,12.901655629139073,0.15393724097098876,0.28947368421052627,0.31731805286236625,0.8394551356096696,0.41257756075637864
260,Theo Maledon,OKC,2021,40,42.5,26.925,8.675,0.32219127205199627,3.075,8.025,38.31775700934579,1.65,4.45,37.07865168539326,0.875,1.15,76.08695652173914,0.375,2.925,3.3,3.35,1.925,1.7402597402597402,0.95,0.075,0.48598130841121495,0.5084398077599344,98.68294717330862,109.7161260426321,-11.033178869323478,2.225,-258,6.252363299351251,0.6012433392539966,0.7894736842105263,0.23121942060312267,0.17387388213853833,0.4103601899168616
261,James Ennis III,ORL,2021,29,27.586206896551722,22.20689655172414,7.827586206896552,0.35248447204968947,2.6551724137931036,5.448275862068965,48.734177215189874,1.0689655172413792,2.413793103448276,44.285714285714285,1.4482758620689655,1.8275862068965518,79.24528301886792,1.103448275862069,2.8620689655172415,3.9655172413793105,1.3793103448275863,0.9310344827586207,1.4814814814814814,0.7586206896551724,0.20689655172413793,0.5854430379746836,0.6259651444959189,109.2158139534884,110.11240310077521,-0.8965891472868179,2.0,-8,7.661860465116279,0.4336375329209286,0.49999999999999994,0.27043282622369696,0.4736171224033714,0.4102896823641925
262,George Hill,OKC,2021,14,42.857142857142854,26.285714285714285,11.785714285714286,0.4483695652173913,4.357142857142857,8.571428571428571,50.83333333333333,1.5714285714285714,4.071428571428571,38.59649122807017,1.5,1.7857142857142858,84.0,0.5714285714285714,1.5,2.0714285714285716,3.0714285714285716,0.8571428571428571,3.5833333333333335,0.8571428571428571,0.14285714285714285,0.6,0.6297709923664122,111.18753387533877,113.27289972899727,-2.0853658536585016,0.8571428571428571,-16,9.865040650406504,0.578533367165694,0.10526315789473684,0.3945524653386787,0.438464492999366,0.4102499283178389
263,Otto Porter Jr.,ORL,2021,26,38.46153846153847,21.653846153846153,9.692307692307692,0.44760213143872113,3.5,8.038461538461538,43.54066985645933,1.5,3.8461538461538463,39.0,1.1923076923076923,1.4230769230769231,83.78378378378379,1.0769230769230769,4.384615384615385,5.461538461538462,1.9615384615384615,0.9615384615384616,2.04,0.5,0.15384615384615385,0.5287081339712919,0.5593039772727273,107.31203539823011,111.03999999999999,-3.7279646017698838,1.5384615384615385,-49,11.25699115044248,0.4139909823746413,0.4210526315789473,0.3935590512374212,0.38989215410480743,0.4027617597917218
264,Michael Carter-Williams,ORL,2021,25,40.0,26.16,8.68,0.3318042813455658,3.36,8.76,38.35616438356164,0.44,1.88,23.404255319148938,1.52,2.24,67.85714285714286,1.32,3.2,4.52,4.24,2.36,1.7966101694915255,0.56,0.48,0.408675799086758,0.44532917419143,102.6263719512195,106.2829268292683,-3.6565548780488086,2.88,-54,5.60655487804878,0.5740674955595026,0.3947368421052631,0.2436630988111626,0.3920037698021498,0.40184097697546856
265,Andre Iguodala,MIA,2021,43,53.48837209302325,21.25581395348837,4.534883720930233,0.21334792122538293,1.5348837209302326,4.046511627906977,37.93103448275862,1.0232558139534884,3.0697674418604652,33.33333333333333,0.4418604651162791,0.7209302325581395,61.29032258064516,0.627906976744186,3.13953488372093,3.7674418604651163,2.116279069767442,1.0,2.116279069767442,1.0232558139534884,0.46511627906976744,0.5057471264367817,0.5196120230228096,102.83693989071037,104.99464480874317,-2.157704918032806,1.3255813953488371,-58,7.952021857923495,0.39985129497294397,0.868421052631579,0.0903258053564181,0.4363253963063094,0.40116600191447244
266,Abdel Nader,PHX,2021,24,66.66666666666666,14.708333333333334,6.666666666666667,0.45325779036827196,2.375,4.833333333333333,49.137931034482754,0.75,1.7916666666666667,41.86046511627907,1.1666666666666667,1.5416666666666667,75.67567567567568,0.2916666666666667,2.2916666666666665,2.5833333333333335,0.7916666666666666,0.7916666666666666,1.0,0.4166666666666667,0.375,0.5689655172413793,0.6047777441790142,106.86806722689073,102.05154061624651,4.8165266106442175,1.4166666666666667,28,9.121848739495798,0.16725873297809363,0.3684210526315789,0.4008800885551357,0.6425563688609319,0.397766301677252
267,Cole Anthony,ORL,2021,25,36.0,26.56,11.0,0.4141566265060241,4.04,10.76,37.54646840148699,1.08,3.32,32.53012048192771,1.84,2.2,83.63636363636363,0.8,3.64,4.44,3.76,2.04,1.8431372549019607,0.68,0.44,0.4256505576208178,0.4689631650750341,102.5127436281859,110.78980509745128,-8.277061469265377,2.04,-101,8.017691154422788,0.5882770870337477,0.3947368421052631,0.350265105691535,0.2553734379751255,0.397438096158982
268,DeMarcus Cousins,HOU,2021,25,44.0,20.28,9.64,0.47534516765285995,3.16,8.4,37.61904761904762,1.56,4.64,33.62068965517241,1.76,2.36,74.57627118644068,1.2,6.44,7.64,2.4,1.56,1.5384615384615385,0.84,0.72,0.46904761904761905,0.5106797762332599,103.2547244094488,106.66948818897637,-3.4147637795275756,2.96,-47,12.840354330708662,0.3651865008880995,0.3947368421052631,0.4294713659580235,0.39915363472964,0.39740911355262243
269,Langston Galloway,PHX,2021,33,72.72727272727273,11.030303030303031,4.9393939393939394,0.4478021978021978,1.7272727272727273,3.606060606060606,47.89915966386555,0.9696969696969697,2.121212121212121,45.714285714285715,0.5151515151515151,0.5151515151515151,100.0,0.15151515151515152,0.8787878787878788,1.0303030303030303,0.696969696969697,0.3333333333333333,2.090909090909091,0.18181818181818182,0.0,0.6134453781512605,0.644370651486401,109.96565934065936,105.49148351648353,4.4741758241758305,0.6363636363636364,33,8.546978021978022,0.03660046288820712,0.6052631578947367,0.3938180296042706,0.6324329114795839,0.3956953951581887
270,Khem Birch,ORL,2021,45,33.33333333333333,20.31111111111111,5.488888888888889,0.2702407002188184,2.0,4.355555555555555,45.91836734693878,0.08888888888888889,0.4444444444444444,20.0,1.4,1.8888888888888888,74.11764705882354,2.5555555555555554,2.7555555555555555,5.311111111111111,1.1111111111111112,0.4666666666666667,2.380952380952381,0.6666666666666666,0.6222222222222222,0.46938775510204084,0.5291345329905741,102.11308615049074,107.48996728462379,-5.376881134133043,1.3777777777777778,-102,8.919520174482008,0.36629169133609635,0.9210526315789473,0.16397136342625418,0.34113299566098715,0.3945122515783553
271,JJ Redick,NOP,2021,31,45.16129032258064,18.580645161290324,8.709677419354838,0.46875,2.806451612903226,6.903225806451613,40.654205607476634,1.6451612903225807,4.516129032258065,36.42857142857142,1.4516129032258065,1.5161290322580645,95.74468085106383,0.0967741935483871,1.5806451612903225,1.6774193548387097,1.2903225806451613,0.8064516129032258,1.6,0.2903225806451613,0.06451612903225806,0.5257009345794392,0.575251406170104,110.77934027777778,115.39618055555556,-4.616840277777783,1.1935483870967742,-31,6.634722222222224,0.30481865581848405,0.5526315789473684,0.42093417000886724,0.36360772486131343,0.39438956380132745
272,Jaxson Hayes,NOP,2021,34,41.17647058823529,13.352941176470589,5.382352941176471,0.40308370044052866,2.1176470588235294,2.911764705882353,72.72727272727273,0.0,0.0,,1.1470588235294117,1.5,76.47058823529412,1.088235294117647,2.3529411764705883,3.4411764705882355,0.5294117647058824,0.6470588235294118,0.8181818181818182,0.3235294117647059,0.47058823529411764,0.7272727272727273,0.7534584980237155,107.84000000000002,105.56505494505492,2.2749450549450927,1.7941176470588236,30,11.245494505494506,0.11910981088705469,0.631578947368421,0.33593162024774026,0.5674007285723236,0.38879026076760415
273,Anfernee Simons,POR,2021,39,58.97435897435898,16.743589743589745,8.179487179487179,0.4885145482388974,2.769230769230769,6.769230769230769,40.909090909090914,2.0256410256410255,4.794871794871795,42.24598930481284,0.6153846153846154,0.7948717948717948,77.41935483870968,0.20512820512820512,2.1538461538461537,2.358974358974359,1.4615384615384615,0.7948717948717948,1.8387096774193548,0.20512820512820512,0.1282051282051282,0.5587121212121212,0.5744849445324881,110.12568807339449,118.43914373088684,-8.313455657492355,1.6923076923076923,-110,8.509174311926603,0.23955913831579906,0.763157894736842,0.4465186327615084,0.254297246454594,0.38765876584462483
274,Bismack Biyombo,CHA,2021,43,48.837209302325576,21.697674418604652,5.372093023255814,0.24758842443729903,2.2790697674418605,3.953488372093023,57.647058823529406,0.0,0.023255813953488372,0.0,0.813953488372093,1.6744186046511629,48.61111111111111,2.0930232558139537,3.255813953488372,5.348837209302325,1.3488372093023255,1.0232558139534884,1.3181818181818181,0.27906976744186046,1.1395348837209303,0.5764705882352941,0.5726894089646966,104.11361200428725,109.99142550911043,-5.87781350482318,2.372093023255814,-132,6.856377277599142,0.41554793671774964,0.868421052631579,0.13464884621059287,0.3263202138416952,0.38725337111853775
275,Solomon Hill,ATL,2021,45,51.11111111111111,18.933333333333334,4.222222222222222,0.22300469483568075,1.4222222222222223,3.933333333333333,36.15819209039548,0.9777777777777777,2.977777777777778,32.83582089552239,0.4,0.4666666666666667,85.71428571428571,0.5111111111111111,1.711111111111111,2.2222222222222223,0.8444444444444444,0.6,1.4074074074074074,0.6888888888888889,0.15555555555555556,0.4858757062146893,0.510094501718213,109.72359154929579,112.45845070422533,-2.734859154929538,1.6,-39,3.628051643192488,0.31734754292480766,0.9210526315789473,0.10282613482294861,0.4192587017034973,0.3856156964911252
276,Aron Baynes,TOR,2021,44,38.63636363636363,18.25,5.886363636363637,0.32254047322540474,2.4318181818181817,5.7272727272727275,42.46031746031746,0.45454545454545453,1.9090909090909092,23.809523809523807,0.5681818181818182,0.7727272727272727,73.52941176470588,1.6363636363636365,3.4545454545454546,5.090909090909091,0.9090909090909091,0.8181818181818182,1.1111111111111112,0.2727272727272727,0.4090909090909091,0.4642857142857143,0.4850913994605934,107.13308457711443,113.3238805970149,-6.190796019900475,2.2045454545454546,-103,6.453358208955225,0.2930728241563055,0.8947368421052633,0.2316714483604111,0.31706518865195554,0.38193521230598215
277,Moritz Wagner,BOS,2021,28,42.857142857142854,14.107142857142858,6.571428571428571,0.46582278481012657,2.2857142857142856,4.607142857142857,49.6124031007752,0.5,1.6071428571428572,31.11111111111111,1.5,1.9285714285714286,77.77777777777779,0.5,2.392857142857143,2.892857142857143,1.2142857142857142,0.8571428571428571,1.4166666666666667,0.7857142857142857,0.2857142857142857,0.5503875968992248,0.6022518984027233,111.27293233082705,110.33684210526316,0.9360902255638877,2.3214285714285716,-1,8.606015037593986,0.14590205531590966,0.47368421052631576,0.41714500027480295,0.5278102256706919,0.38177983802126636
278,Kevon Looney,GSW,2021,36,50.0,15.36111111111111,3.888888888888889,0.25316455696202533,1.6111111111111112,2.7222222222222223,59.183673469387756,0.1111111111111111,0.25,44.44444444444444,0.5555555555555556,0.75,74.07407407407408,1.6111111111111112,2.4444444444444446,4.055555555555555,1.7777777777777777,0.6111111111111112,2.909090909090909,0.4166666666666667,0.3888888888888889,0.6122448979591837,0.637058609392064,111.71374321880654,107.60723327305607,4.106509945750474,1.9722222222222223,36,9.602350813743218,0.190447996842313,0.6842105263157894,0.14186693959467972,0.621560876134753,0.37839017134124114
279,Mychal Mulder,GSW,2021,39,46.15384615384615,10.051282051282051,3.7948717948717947,0.37755102040816324,1.2564102564102564,3.0,41.88034188034188,1.0256410256410255,2.58974358974359,39.603960396039604,0.2564102564102564,0.4358974358974359,58.82352941176471,0.02564102564102564,0.8205128205128205,0.8461538461538461,0.41025641025641024,0.20512820512820512,2.0,0.20512820512820512,0.20512820512820512,0.5897435897435898,0.5944730077120822,112.16464646464648,108.90732323232322,3.257323232323259,0.6923076923076923,32,5.1126262626262635,0.0018217424966980866,0.763157894736842,0.30288052829424156,0.596450066281301,0.3767417864500192
280,Tyler Johnson,BKN,2021,28,75.0,16.678571428571427,5.321428571428571,0.31905781584582443,1.7857142857142858,4.571428571428571,39.0625,1.1785714285714286,3.2142857142857144,36.666666666666664,0.5714285714285714,0.6785714285714286,84.21052631578947,0.14285714285714285,1.7857142857142858,1.9285714285714286,0.9642857142857143,0.32142857142857145,3.0,0.42857142857142855,0.0,0.51953125,0.5463479026107362,114.3638888888889,110.74978632478634,3.614102564102552,1.0357142857142858,33,5.869871794871795,0.23724942907891394,0.47368421052631576,0.22716327964685923,0.6070001818428057,0.37636781594509655
281,Jarred Vanderbilt,MIN,2021,44,20.454545454545457,17.863636363636363,5.454545454545454,0.3053435114503817,2.227272727272727,3.7045454545454546,60.122699386503065,0.022727272727272728,0.09090909090909091,25.0,0.9772727272727273,1.6818181818181819,58.108108108108105,1.5909090909090908,3.8181818181818183,5.409090909090909,1.3181818181818181,1.0,1.3181818181818181,0.9772727272727273,0.6818181818181818,0.6042944785276073,0.6136224176723256,103.05748730964467,109.0206852791878,-5.963197969543131,2.0,-123,10.972081218274111,0.2793476505732278,0.8947368421052633,0.20941062951074046,0.32379535914941177,0.3737923418673259
282,Garrison Mathews,WAS,2021,39,41.02564102564102,18.28205128205128,6.794871794871795,0.37166900420757365,1.8974358974358974,4.333333333333333,43.786982248520715,1.4615384615384615,3.4615384615384617,42.22222222222222,1.5384615384615385,1.7179487179487178,89.55223880597015,0.358974358974359,1.3076923076923077,1.6666666666666667,0.5128205128205128,0.15384615384615385,3.3333333333333335,0.6153846153846154,0.15384615384615385,0.606508875739645,0.6675735590487707,107.32715877437327,114.10696378830086,-6.779805013927586,1.9230769230769231,-101,6.334540389972146,0.29421141321674177,0.763157894736842,0.2952664800207653,0.2996479438727772,0.37339441062727474
283,Chuma Okeke,ORL,2021,30,36.666666666666664,22.466666666666665,5.733333333333333,0.2551928783382789,2.1333333333333333,5.1,41.830065359477125,1.1,2.6666666666666665,41.25,0.36666666666666664,0.5666666666666667,64.70588235294117,0.8333333333333334,2.8333333333333335,3.6666666666666665,1.9333333333333333,0.7,2.761904761904762,0.7666666666666667,0.36666666666666664,0.5261437908496732,0.5358923230309073,103.94933333333336,106.04533333333333,-2.095999999999975,1.0,-48,7.813777777777777,0.44286560094730604,0.5263157894736843,0.14449252516708438,0.4381500367996725,0.37227521060757207
284,P.J. Tucker,MIL,2021,35,40.0,28.65714285714286,4.114285714285714,0.14356929212362912,1.4,3.857142857142857,36.2962962962963,0.8,2.5714285714285716,31.11111111111111,0.5142857142857142,0.6571428571428571,78.26086956521739,1.0285714285714285,3.3714285714285714,4.4,1.3142857142857143,0.9428571428571428,1.393939393939394,0.8285714285714286,0.5714285714285714,0.4666666666666667,0.496141124586549,106.09591633466135,113.40318725099603,-7.307270916334673,2.657142857142857,-172,3.5355577689243027,0.662775945191576,0.6578947368421053,0.0,0.284050554311572,0.37208600727399027
285,Juan Toscano-Anderson,GSW,2021,32,43.75,18.59375,5.0625,0.2722689075630252,2.0,3.59375,55.65217391304348,0.65625,1.5,43.75,0.40625,0.5625,72.22222222222221,0.5625,3.40625,3.96875,2.21875,1.0,2.21875,0.65625,0.46875,0.6478260869565218,0.6589651806052718,105.51005025125627,104.89463986599665,0.6154103852596222,1.96875,5,9.425125628140703,0.3052841918294849,0.5789473684210527,0.16659680138847227,0.5183275873222695,0.37113437070650346
286,Frank Jackson,DET,2021,17,35.294117647058826,12.823529411764707,6.0,0.46788990825688076,2.0,4.647058823529412,43.037974683544306,1.0588235294117647,2.4705882352941178,42.857142857142854,0.9411764705882353,1.1176470588235294,84.21052631578947,0.29411764705882354,1.1764705882352942,1.4705882352941178,0.7058823529411765,0.8823529411764706,0.8,0.29411764705882354,0.0,0.5443037974683544,0.5837912087912088,105.42739726027396,98.56301369863014,6.86438356164382,1.1176470588235294,25,8.002739726027396,0.10030299864173026,0.18421052631578944,0.4198208136649877,0.7031123640154986,0.37086213925178885
287,DeAndre' Bembry,TOR,2021,32,50.0,17.28125,4.75,0.27486437613019893,1.96875,3.6875,53.38983050847458,0.28125,0.875,32.142857142857146,0.53125,0.78125,68.0,0.53125,1.875,2.40625,1.9375,1.03125,1.878787878787879,0.65625,0.3125,0.5720338983050848,0.5891472868217055,110.73086642599276,108.76389891696752,1.9669675090252383,1.5625,5,7.402888086642598,0.25865896980461817,0.5789473684210527,0.16995653762326374,0.5582937024349097,0.37021604586795065
288,Ty Jerome,OKC,2021,14,42.857142857142854,26.071428571428573,9.857142857142858,0.3780821917808219,3.642857142857143,7.928571428571429,45.94594594594595,2.2142857142857144,4.928571428571429,44.927536231884055,0.35714285714285715,0.6428571428571429,55.55555555555556,0.5,2.642857142857143,3.142857142857143,3.5,1.0,3.5,0.8571428571428571,0.14285714285714285,0.5990990990990991,0.6002087682672235,105.7641095890411,109.65616438356165,-3.892054794520547,2.0714285714285716,-24,8.603835616438356,0.570921086018777,0.10526315789473684,0.303568109615848,0.3850399377855617,0.3679373631879169
289,Daniel Gafford,WAS,2021,33,48.484848484848484,12.666666666666666,5.181818181818182,0.4090909090909091,2.121212121212121,3.0303030303030303,70.0,0.0,0.0,,0.9393939393939394,1.393939393939394,67.3913043478261,1.4848484848484849,1.9696969696969697,3.4545454545454546,0.5151515151515151,0.7575757575757576,0.68,0.36363636363636365,1.1818181818181819,0.7,0.7110778443113773,107.95023923444977,107.2023923444976,0.7478468899521715,1.696969696969697,-15,11.63612440191388,0.09473060982830073,0.6052631578947367,0.3437077254288611,0.5222437907135928,0.36725827944782496
290,Brad Wanamaker,CHA,2021,40,50.0,15.725,4.625,0.29411764705882354,1.525,4.325,35.26011560693642,0.325,1.525,21.311475409836063,1.25,1.4,89.28571428571429,0.2,1.45,1.65,2.475,0.95,2.6052631578947367,0.65,0.15,0.3901734104046243,0.4680226674762194,103.51774960380351,105.45023771790808,-1.9324881141045722,1.4,-17,6.927258320126782,0.2033747779751332,0.7894736842105263,0.19487917116823283,0.4429851523409035,0.36440804114119185
291,Gorgui Dieng,MEM,2021,22,40.909090909090914,16.954545454545453,7.863636363636363,0.46380697050938335,2.5454545454545454,4.909090909090909,51.85185185185185,1.0454545454545454,2.1818181818181817,47.91666666666667,1.7272727272727273,1.9545454545454546,88.37209302325581,1.2727272727272727,3.1818181818181817,4.454545454545454,1.3181818181818181,1.0,1.3181818181818181,0.7727272727272727,0.6363636363636364,0.625,0.681531673495115,107.37587131367292,108.79034852546917,-1.4144772117962532,1.7272727272727273,-10,12.565415549597857,0.247053124495398,0.31578947368421056,0.4145356046402442,0.4583029535549403,0.36380844817344016
292,Alex Len,WAS,2021,37,35.13513513513514,14.945945945945946,6.297297297297297,0.4213381555153707,2.4864864864864864,3.891891891891892,63.888888888888886,0.16216216216216217,0.5675675675675675,28.57142857142857,1.162162162162162,1.9189189189189189,60.56338028169014,0.8648648648648649,2.6486486486486487,3.5135135135135136,0.918918918918919,0.918918918918919,1.0,0.2702702702702703,1.135135135135135,0.6597222222222222,0.6648025564939511,106.72230215827338,111.95629496402879,-5.233992805755406,1.972972972972973,-70,9.705935251798563,0.17569967836397676,0.7105263157894737,0.3595613243162057,0.3453582638940328,0.3623425379684197
293,Danuel House Jr.,HOU,2021,28,28.57142857142857,27.857142857142858,9.392857142857142,0.3371794871794872,3.2857142857142856,8.071428571428571,40.707964601769916,1.6071428571428572,4.5,35.714285714285715,1.2142857142857142,1.8214285714285714,66.66666666666666,0.6428571428571429,3.392857142857143,4.035714285714286,2.0357142857142856,0.9285714285714286,2.1923076923076925,0.6428571428571429,0.4642857142857143,0.5066371681415929,0.5293028497826437,102.69217948717947,115.05230769230769,-12.36012820512822,1.9642857142857142,-203,6.540128205128205,0.6343567622430857,0.47368421052631576,0.2506211001671002,0.13463542971141712,0.3619502610440216
294,Justin Jackson,OKC,2021,30,36.666666666666664,16.366666666666667,6.966666666666667,0.4256619144602851,2.533333333333333,6.066666666666666,41.75824175824176,0.9666666666666667,3.1666666666666665,30.526315789473685,0.9333333333333333,1.1,84.84848484848484,0.4,1.7666666666666666,2.1666666666666665,1.5333333333333334,0.9666666666666667,1.5862068965517242,0.43333333333333335,0.06666666666666667,0.49725274725274726,0.5317524933848972,103.38785425101212,106.89655870445344,-3.508704453441325,0.9666666666666667,-38,7.817813765182185,0.22616933096506814,0.5263157894736843,0.36515826730425016,0.39637576931694063,0.361752875908
295,Grant Williams,BOS,2021,39,43.58974358974359,18.871794871794872,4.923076923076923,0.2608695652173913,1.794871794871795,3.948717948717949,45.45454545454545,0.8461538461538461,2.076923076923077,40.74074074074074,0.48717948717948717,0.9230769230769231,52.77777777777778,0.9743589743589743,2.2051282051282053,3.1794871794871793,1.0256410256410255,0.8717948717948718,1.1764705882352942,0.5641025641025641,0.41025641025641024,0.5616883116883117,0.5652378709373528,108.41641791044775,112.74314789687922,-4.326729986431474,2.6666666666666665,-73,4.3097693351424695,0.31516145192876993,0.763157894736842,0.15184078237294502,0.3721864087329978,0.3594952249429073
296,Dwight Powell,DAL,2021,32,59.375,14.625,4.59375,0.3141025641025641,1.4375,2.9375,48.93617021276596,0.125,0.53125,23.52941176470588,1.59375,2.0625,77.27272727272727,1.09375,2.28125,3.375,0.8125,0.5625,1.4444444444444444,0.53125,0.3125,0.5106382978723404,0.5973667100130039,106.97218683651805,105.18535031847134,1.7868365180467123,2.375,18,6.86135881104034,0.16429840142095914,0.5789473684210527,0.22074889303285605,0.5529671529356596,0.3566070036462108
297,Willy Hernangomez,NOP,2021,25,44.0,15.84,6.24,0.3939393939393939,2.6,5.0,52.0,0.04,0.28,14.285714285714285,1.0,1.68,59.523809523809526,2.44,3.72,6.16,1.16,0.44,2.6363636363636362,0.32,0.44,0.524,0.5436297741845554,118.91969696969694,118.52853535353536,0.3911616161615825,1.12,0,11.445202020202018,0.20746003552397868,0.3947368421052631,0.3240946601387007,0.5116964564865487,0.35550314962890356
298,Taurean Prince,CLE,2021,30,36.666666666666664,21.3,8.233333333333333,0.3865414710485133,2.7,7.233333333333333,37.327188940092164,1.3333333333333333,3.5,38.095238095238095,1.5,1.7666666666666666,84.90566037735849,0.5,2.966666666666667,3.466666666666667,1.7,1.0666666666666667,1.59375,0.6333333333333333,0.6333333333333333,0.46543778801843316,0.5138981358189081,106.16953124999999,114.67546874999998,-8.505937499999987,1.8,-114,6.631875000000001,0.40142095914742454,0.5263157894736843,0.3145183277904534,0.248605477058033,0.35530706457535316
299,Tyrese Maxey,PHI,2021,40,70.0,14.8,7.25,0.48986486486486486,3.1,6.75,45.925925925925924,0.45,1.5,30.0,0.6,0.725,82.75862068965517,0.225,1.425,1.65,1.55,0.625,2.48,0.375,0.15,0.4925925925925926,0.5128023765737728,101.58986486486488,112.13412162162162,-10.544256756756738,1.15,-142,9.724999999999996,0.17051509769094148,0.7894736842105263,0.4482665667392426,0.18833151555140937,0.35490965965628035
300,Darius Miller,OKC,2021,14,28.57142857142857,10.357142857142858,3.4285714285714284,0.3310344827586207,1.0,2.2142857142857144,45.16129032258064,0.7857142857142857,1.9285714285714286,40.74074074074074,0.6428571428571429,0.6428571428571429,100.0,0.07142857142857142,1.2857142857142858,1.3571428571428572,1.1428571428571428,0.42857142857142855,2.6666666666666665,0.6428571428571429,0.2857142857142857,0.6290322580645161,0.6864988558352403,106.96758620689656,91.62344827586207,15.344137931034481,0.6428571428571429,49,11.152413793103449,0.012687135244861703,0.10526315789473684,0.24266662355472485,0.9538622829754563,0.35393355268001847
301,Rodney Hood,TOR,2021,41,56.09756097560976,19.29268292682927,4.926829268292683,0.2553729456384324,1.951219512195122,5.2682926829268295,37.03703703703704,0.6829268292682927,2.268292682926829,30.107526881720432,0.34146341463414637,0.4146341463414634,82.35294117647058,0.4634146341463415,1.4146341463414633,1.8780487804878048,1.146341463414634,0.8048780487804879,1.4242424242424243,0.5121951219512195,0.12195121951219512,0.4351851851851852,0.451942008233399,110.10983606557376,116.51841109709966,-6.408575031525899,1.5609756097560976,-104,2.8020176544766704,0.3301130702248409,0.8157894736842106,0.1447256155002436,0.3106253712778376,0.3532260923570414
302,Cody Martin,CHA,2021,33,54.54545454545454,13.696969696969697,3.9696969696969697,0.28982300884955753,1.606060606060606,3.272727272727273,49.074074074074076,0.2727272727272727,1.0,27.27272727272727,0.48484848484848486,0.7272727272727273,66.66666666666666,0.9090909090909091,1.7272727272727273,2.6363636363636362,1.393939393939394,0.6363636363636364,2.1904761904761907,0.5151515151515151,0.18181818181818182,0.5324074074074074,0.5524628879892037,107.36762114537449,104.42290748898678,2.944713656387705,0.8787878787878788,9,8.349779735682818,0.1313310727165079,0.6052631578947367,0.18931992387490004,0.5872060690595301,0.352555304325476
303,Taj Gibson,NYK,2021,20,60.0,19.25,4.6,0.23896103896103896,1.8,3.25,55.38461538461539,0.15,0.65,23.076923076923077,0.85,1.4,60.71428571428571,1.85,3.0,4.85,0.65,0.6,1.0833333333333333,0.5,0.7,0.5769230769230769,0.594930160372478,109.92025974025972,105.14545454545454,4.774805194805182,2.05,33,7.721818181818182,0.32859680284191833,0.2631578947368421,0.12348102088506108,0.6413226489694341,0.347750850865414
304,JaVale McGee,CLE,2021,33,39.39393939393939,15.181818181818182,8.030303030303031,0.5289421157684631,3.393939393939394,6.515151515151516,52.093023255813954,0.15151515151515152,0.6060606060606061,25.0,1.0909090909090908,1.6666666666666667,65.45454545454545,1.6363636363636365,3.515151515151515,5.151515151515151,1.0,1.3636363636363635,0.7333333333333333,0.48484848484848486,1.2121212121212122,0.5325581395348837,0.5539297658862876,98.1370517928287,108.11792828685257,-9.980876494023875,2.4242424242424243,-108,12.394023904382468,0.18407879864362992,0.6052631578947367,0.49885059517917096,0.2049909079194051,0.3470062383708789
305,Gabe Vincent,MIA,2021,32,50.0,14.96875,5.8125,0.3883089770354906,2.09375,5.53125,37.85310734463277,1.03125,3.5,29.464285714285715,0.59375,0.65625,90.47619047619048,0.21875,1.0,1.21875,1.53125,0.84375,1.8148148148148149,0.5,0.0625,0.4717514124293785,0.4993556701030928,104.58565488565488,107.70374220374218,-3.118087318087305,1.71875,-34,4.7970893970893975,0.17650976909413857,0.5789473684210527,0.3168062976717936,0.40792648302486967,0.34637215881458017
306,Edmond Sumner,IND,2021,32,40.625,12.28125,5.59375,0.455470737913486,2.03125,4.03125,50.3875968992248,0.59375,1.53125,38.775510204081634,0.9375,1.15625,81.08108108108108,0.375,1.03125,1.40625,0.53125,0.75,0.7083333333333334,0.5,0.09375,0.5775193798449613,0.6160517621145375,107.01158690176321,110.00377833753151,-2.992191435768305,1.3125,-32,6.726700251889169,0.08103907637655416,0.5789473684210527,0.4037446657445426,0.41164927744953295,0.3450335062366323
307,Ish Smith,WAS,2021,19,31.57894736842105,20.473684210526315,5.2105263157894735,0.2544987146529563,2.3157894736842106,6.105263157894737,37.93103448275862,0.2631578947368421,1.0526315789473684,25.0,0.3157894736842105,0.7894736842105263,40.0,0.5263157894736842,2.9473684210526314,3.473684210526316,4.7368421052631575,1.0,4.7368421052631575,0.7894736842105263,0.21052631578947367,0.40086206896551724,0.4037520391517129,109.04846153846154,106.25512820512822,2.7933333333333223,0.9473684210526315,23,9.40025641025641,0.372066934654576,0.2368421052631579,0.14359395644005324,0.5827296889564652,0.3447976588159757
308,Ben McLemore,HOU,2021,31,32.25806451612903,17.129032258064516,7.483870967741935,0.4369114877589454,2.5161290322580645,7.096774193548387,35.45454545454545,1.7096774193548387,5.225806451612903,32.71604938271605,0.7419354838709677,1.032258064516129,71.875,0.3548387096774194,1.7741935483870968,2.129032258064516,0.9032258064516129,0.9032258064516129,1.0,0.6451612903225806,0.0967741935483871,0.475,0.4955570745044429,102.36772983114444,110.02682926829266,-7.659099437148214,1.6451612903225807,-97,5.549906191369605,0.25325158998452985,0.5526315789473684,0.3797204159333927,0.2736468363217859,0.34352645494970124
309,Precious Achiuwa,MIA,2021,45,46.666666666666664,12.777777777777779,5.355555555555555,0.4191304347826087,2.1555555555555554,3.8444444444444446,56.06936416184971,0.0,0.0,,1.0444444444444445,2.088888888888889,50.0,1.2444444444444445,2.3777777777777778,3.6222222222222222,0.5333333333333333,0.8222222222222222,0.6486486486486487,0.3333333333333333,0.5111111111111111,0.5606936416184971,0.5621384586676619,100.58672413793103,109.79879310344829,-9.212068965517261,1.5555555555555556,-108,7.84655172413793,0.09867771857114666,0.9210526315789473,0.356703513038515,0.22772487131871183,0.3421048828589236
310,Hassan Whiteside,SAC,2021,28,50.0,14.964285714285714,8.035714285714286,0.5369928400954654,3.4285714285714284,6.178571428571429,55.49132947976878,0.0,0.03571428571428571,0.0,1.1785714285714286,2.25,52.38095238095239,1.75,4.285714285714286,6.035714285714286,0.5714285714285714,1.1428571428571428,0.5,0.21428571428571427,1.3928571428571428,0.5549132947976878,0.5604822638501396,107.1,115.13238095238097,-8.032380952380976,1.8571428571428572,-80,12.334285714285711,0.1763511799035778,0.47368421052631576,0.5092719543818371,0.26260874422424424,0.3420824342553639
311,James Johnson,DAL,2021,29,44.827586206896555,17.379310344827587,5.724137931034483,0.32936507936507936,2.310344827586207,5.0,46.206896551724135,0.5172413793103449,2.0689655172413794,25.0,0.5862068965517241,1.0,58.620689655172406,0.4827586206896552,2.4827586206896552,2.9655172413793105,1.7241379310344827,0.9310344827586207,1.8518518518518519,0.8275862068965517,0.7931034482758621,0.5137931034482759,0.5261156186612577,107.63472222222222,110.70257936507937,-3.06785714285715,2.0344827586206895,-44,7.659523809523808,0.2621424634041772,0.49999999999999994,0.24050564378301753,0.40941181052607306,0.3363566770968595
312,Jake Layman,MIN,2021,33,21.21212121212121,16.09090909090909,5.818181818181818,0.3615819209039548,2.272727272727273,4.636363636363637,49.01960784313725,0.5757575757575758,1.9696969696969697,29.230769230769234,0.696969696969697,0.9090909090909091,76.66666666666667,0.3939393939393939,1.4545454545454546,1.8484848484848484,0.7878787878787878,0.696969696969697,1.1304347826086956,0.7575757575757576,0.48484848484848486,0.5522875816993464,0.5776173285198556,100.58496240601502,106.07443609022557,-5.489473684210552,1.0909090909090908,-77,8.037969924812032,0.2163733247214597,0.6052631578947367,0.2822091308749685,0.3378035863906737,0.33266253607237495
313,Dean Wade,CLE,2021,39,35.8974358974359,14.333333333333334,4.538461538461538,0.31663685152057247,1.6153846153846154,3.717948717948718,43.44827586206896,0.9230769230769231,2.4358974358974357,37.89473684210527,0.38461538461538464,0.5128205128205128,75.0,0.5128205128205128,2.051282051282051,2.5641025641025643,0.9487179487179487,0.358974358974359,2.642857142857143,0.3076923076923077,0.3333333333333333,0.5586206896551724,0.5754226267880364,101.71339285714285,106.30839285714288,-4.595000000000027,1.0256410256410255,-51,7.59357142857143,0.15393724097098876,0.763157894736842,0.22402943257602242,0.36425355110158797,0.332505681825439
314,Damyean Dotson,CLE,2021,35,37.142857142857146,18.82857142857143,6.514285714285714,0.34597875569044007,2.4857142857142858,6.314285714285714,39.366515837104075,0.9142857142857143,3.2857142857142856,27.82608695652174,0.6285714285714286,0.9142857142857143,68.75,0.14285714285714285,1.8571428571428572,2.0,2.1142857142857143,0.8,2.642857142857143,0.4,0.11428571428571428,0.4660633484162896,0.48494129657988766,97.0393343419062,106.44614220877459,-9.406807866868391,0.8857142857142857,-124,7.4797276853252646,0.3136259832529816,0.6578947368421053,0.26201142160262425,0.22196635973865814,0.3305523460576842
315,Juancho Hernangomez,MIN,2021,28,28.57142857142857,17.357142857142858,6.964285714285714,0.4012345679012346,2.4642857142857144,5.607142857142857,43.94904458598726,1.0,3.0,33.33333333333333,1.0357142857142858,1.5714285714285714,65.9090909090909,0.9642857142857143,3.4642857142857144,4.428571428571429,0.5714285714285714,0.5,1.1428571428571428,0.42857142857142855,0.07142857142857142,0.5286624203821656,0.5528464504422771,112.60492813141683,119.07043121149898,-6.465503080082158,0.9642857142857143,-66,9.250513347022585,0.26135498604415125,0.47368421052631576,0.3335379878710001,0.30894198483287666,0.3297252915883766
316,Austin Rivers,NYK,2021,21,47.61904761904761,20.952380952380953,7.333333333333333,0.35,2.761904761904762,6.428571428571429,42.96296296296296,1.3333333333333333,3.6666666666666665,36.36363636363637,0.47619047619047616,0.6666666666666666,71.42857142857143,0.23809523809523808,2.0,2.238095238095238,2.0,1.0476190476190477,1.9090909090909092,0.5714285714285714,0.0,0.5333333333333333,0.5454803060357042,105.7635746606335,111.06176470588234,-5.298190045248845,1.5238095238095237,-44,7.054298642533937,0.3890721475090925,0.28947368421052627,0.2672167707972358,0.34345992440220274,0.32602658578194466
317,Dennis Smith Jr.,DET,2021,19,31.57894736842105,18.36842105263158,6.894736842105263,0.3753581661891118,2.6842105263157894,6.7368421052631575,39.84375,0.8947368421052632,2.6842105263157894,33.33333333333333,0.631578947368421,0.8421052631578947,75.0,0.5789473684210527,2.0526315789473686,2.6315789473684212,3.473684210526316,1.2105263157894737,2.869565217391304,1.0526315789473684,0.7368421052631579,0.46484375,0.48504146919431285,105.68257142857145,107.93628571428573,-2.253714285714281,1.5789473684210527,-14,9.843999999999996,0.29727961110591755,0.2368421052631579,0.30004196115821763,0.4334863587449824,0.3259871548326254
318,Justise Winslow,MEM,2021,16,50.0,21.25,7.125,0.3352941176470588,3.125,9.125,34.24657534246575,0.3125,2.5625,12.195121951219512,0.5625,1.0,56.25,0.8125,4.0,4.8125,1.75,1.5625,1.12,0.75,0.4375,0.3595890410958904,0.37245164662833247,102.81764705882354,105.33000000000001,-2.5123529411764736,2.0,-28,4.695588235294117,0.39964476021314393,0.15789473684210525,0.2481805603685508,0.4258383044415277,0.3248890072104109
319,Aaron Nesmith,BOS,2021,25,52.0,14.92,3.8,0.2546916890080429,1.28,3.4,37.64705882352941,0.84,2.48,33.87096774193548,0.4,0.56,71.42857142857143,0.52,1.8,2.32,0.4,0.6,0.6666666666666666,0.28,0.24,0.5,0.5210618692408951,109.64000000000001,105.9528,3.6872000000000185,1.68,28,2.827733333333333,0.17477797513321497,0.3947368421052631,0.14384375446934544,0.609161703902175,0.3233646346061864
320,E'Twaun Moore,PHX,2021,24,75.0,14.541666666666666,4.25,0.2922636103151863,1.7916666666666667,4.25,42.15686274509804,0.3333333333333333,1.2083333333333333,27.586206896551722,0.3333333333333333,0.4166666666666667,80.0,0.5416666666666666,1.2083333333333333,1.75,1.4583333333333333,0.75,1.9444444444444444,0.5833333333333334,0.16666666666666666,0.46078431372549017,0.47932330827067665,108.39226361031517,105.50028653295128,2.89197707736389,1.2916666666666667,25,4.96647564469914,0.16133806986382476,0.3684210526315789,0.19247919048381412,0.5856466261393224,0.32227358875641476
321,Josh Okogie,MIN,2021,36,27.77777777777778,19.72222222222222,4.805555555555555,0.24366197183098592,1.5277777777777777,4.361111111111111,35.03184713375796,0.4166666666666667,1.8333333333333333,22.727272727272727,1.3333333333333333,1.6388888888888888,81.35593220338984,0.9166666666666666,1.6388888888888888,2.5555555555555554,1.1944444444444444,0.7222222222222222,1.6538461538461537,0.9166666666666666,0.4166666666666667,0.3980891719745223,0.4727809357236554,106.9186013986014,114.99552447552449,-8.076923076923094,2.0833333333333335,-134,2.3902097902097896,0.3453720149990132,0.6842105263157894,0.12956620130305446,0.2612916147847929,0.31781203982794815
322,Patrick Patterson,LAC,2021,19,78.94736842105263,13.0,4.684210526315789,0.3603238866396761,1.736842105263158,3.526315789473684,49.25373134328358,1.0,2.3684210526315788,42.22222222222222,0.21052631578947367,0.3157894736842105,66.66666666666666,0.3684210526315789,1.3157894736842106,1.6842105263157894,0.631578947368421,0.42105263157894735,1.5,0.47368421052631576,0.10526315789473684,0.6343283582089553,0.6390005743825388,113.68353413654619,110.32008032128515,3.363453815261039,1.368421052631579,22,6.136144578313252,0.10657193605683835,0.2368421052631579,0.2805806529362398,0.5995883924534462,0.313721853871037
323,Max Strus,MIA,2021,24,25.0,13.791666666666666,6.666666666666667,0.48338368580060426,2.375,5.083333333333333,46.72131147540984,1.4583333333333333,4.083333333333333,35.714285714285715,0.4583333333333333,0.6666666666666666,68.75,0.125,0.9166666666666666,1.0416666666666667,0.5,0.16666666666666666,3.0,0.20833333333333334,0.0,0.610655737704918,0.6199628022318662,106.3430722891566,111.98192771084338,-5.6388554216867846,1.1666666666666667,-40,6.88132530120482,0.13469508584961515,0.3684210526315789,0.4398769247217015,0.3333863053074535,0.3135045382704682
324,Nemanja Bjelica,MIA,2021,27,40.74074074074074,16.555555555555557,6.925925925925926,0.41834451901565994,2.5555555555555554,5.555555555555555,46.0,0.6296296296296297,2.1481481481481484,29.310344827586203,1.1851851851851851,1.5555555555555556,76.19047619047619,0.8888888888888888,2.8518518518518516,3.740740740740741,1.8148148148148149,1.0740740740740742,1.6896551724137931,0.2962962962962963,0.07407407407407407,0.5166666666666667,0.5549620132953467,107.22796420581656,115.78031319910517,-8.552348993288604,1.8518518518518519,-63,8.408948545861298,0.2328794158279061,0.4473684210526316,0.3556861747000327,0.24723306959503627,0.3064464165412456
325,Nassir Little,POR,2021,29,58.620689655172406,14.068965517241379,5.103448275862069,0.3627450980392157,1.6551724137931034,3.689655172413793,44.85981308411215,0.7586206896551724,2.0,37.93103448275862,1.0344827586206897,1.206896551724138,85.71428571428571,0.7241379310344828,1.8275862068965518,2.5517241379310347,0.4482758620689655,0.41379310344827586,1.0833333333333333,0.13793103448275862,0.3793103448275862,0.5514018691588785,0.6045751633986928,117.20122249388754,121.84523227383866,-4.644009779951119,1.103448275862069,-42,6.68924205378973,0.14454584430697615,0.49999999999999994,0.2837148198354295,0.3628043112043402,0.3026797514715109
326,Dylan Windler,CLE,2021,31,35.483870967741936,16.612903225806452,5.193548387096774,0.312621359223301,1.8387096774193548,4.193548387096774,43.84615384615385,0.8387096774193549,2.4838709677419355,33.76623376623377,0.6774193548387096,0.8709677419354839,77.77777777777779,0.6451612903225806,2.806451612903226,3.4516129032258065,1.064516129032258,1.032258064516129,1.03125,0.6129032258064516,0.3870967741935484,0.5384615384615384,0.5673808852551452,104.61550387596901,111.24341085271317,-6.627906976744157,1.1935483870967742,-62,8.62325581395349,0.23491663324356843,0.5526315789473684,0.21883152914451998,0.3041396330013455,0.3021296469097082
327,Brodric Thomas,CLE,2021,12,16.666666666666664,11.833333333333334,4.0,0.3380281690140845,1.0833333333333333,3.5833333333333335,30.23255813953488,0.4166666666666667,1.9166666666666667,21.73913043478261,1.4166666666666667,1.75,80.95238095238095,0.16666666666666666,1.0833333333333333,1.25,1.0,0.5833333333333334,1.7142857142857142,0.5833333333333334,0.4166666666666667,0.36046511627906974,0.4594180704441041,108.06830985915494,100.25563380281689,7.812676056338049,1.1666666666666667,21,4.959154929577465,0.06512729425695679,0.05263157894736842,0.2517196868144472,0.7311537736880762,0.3003777539343711
328,Mike Scott,PHI,2021,27,74.07407407407408,17.48148148148148,3.8518518518518516,0.22033898305084745,1.3333333333333333,3.740740740740741,35.64356435643564,0.9629629629629629,3.0,32.098765432098766,0.2222222222222222,0.37037037037037035,60.0,0.2222222222222222,2.3703703703703702,2.5925925925925926,0.6666666666666666,0.5555555555555556,1.2,0.5555555555555556,0.14814814814814814,0.48514851485148514,0.49335863377609107,102.91582278481013,104.88797468354433,-1.9721518987341966,1.3333333333333333,-21,3.8314345991561183,0.26577198868495494,0.4473684210526316,0.09937547139042335,0.4418122774735106,0.2984195830914583
329,Obi Toppin,NYK,2021,37,51.35135135135135,11.783783783783784,4.054054054054054,0.3440366972477064,1.6756756756756757,3.5405405405405403,47.32824427480916,0.3783783783783784,1.3513513513513513,28.000000000000004,0.32432432432432434,0.4594594594594595,70.58823529411765,0.43243243243243246,1.8108108108108107,2.2432432432432434,0.4864864864864865,0.5135135135135135,0.9473684210526315,0.2702702702702703,0.2972972972972973,0.5267175572519084,0.5415944540727904,102.47247706422017,108.35963302752296,-5.887155963302789,1.0,-55,8.693807339449542,0.06336709711487687,0.7105263157894737,0.2594975001463379,0.3260439533977483,0.29784972203867455
330,Saben Lee,DET,2021,25,32.0,15.28,6.16,0.4031413612565445,2.16,4.36,49.54128440366973,0.24,0.44,54.54545454545454,1.6,2.48,64.51612903225806,0.44,1.24,1.68,2.88,0.88,3.272727272727273,0.64,0.28,0.5229357798165137,0.5650132081009686,102.90757180156658,109.25691906005224,-6.349347258485665,1.6,-42,9.176240208877283,0.18756660746003556,0.3947368421052631,0.3360062600007876,0.3123767615473042,0.29780422568796383
331,Avery Bradley,HOU,2021,11,36.36363636363637,20.545454545454547,8.0,0.3893805309734513,2.909090909090909,6.545454545454546,44.44444444444444,1.5454545454545454,3.8181818181818183,40.476190476190474,0.6363636363636364,0.8181818181818182,77.77777777777779,0.18181818181818182,1.6363636363636365,1.8181818181818181,1.5454545454545454,0.8181818181818182,1.8888888888888888,0.8181818181818182,0.09090909090909091,0.5625,0.5792522380200106,103.75374449339206,109.07621145374449,-5.322466960352429,2.4545454545454546,-29,6.2110132158590305,0.3746165025028258,0.026315789473684237,0.3181933838567056,0.34274204576685036,0.2925707263716675
332,DaQuan Jeffries,SAC,2021,17,29.411764705882355,13.411764705882353,3.7058823529411766,0.27631578947368424,1.411764705882353,3.3529411764705883,42.10526315789473,0.5294117647058824,1.6470588235294117,32.142857142857146,0.35294117647058826,0.4117647058823529,85.71428571428571,0.47058823529411764,1.1176470588235294,1.588235294117647,0.29411764705882354,0.4117647058823529,0.7142857142857143,0.4117647058823529,0.23529411764705882,0.5,0.524300932090546,115.72576419213974,110.96943231441048,4.756331877729252,1.3529411764705883,22,3.328384279475983,0.1211994566920907,0.18421052631578944,0.17183533749140367,0.640776385179479,0.29030551509813285
333,KJ Martin,HOU,2021,19,31.57894736842105,19.105263157894736,6.947368421052632,0.36363636363636365,2.6842105263157894,5.2631578947368425,51.0,0.42105263157894735,1.1578947368421053,36.36363636363637,1.1578947368421053,1.5263157894736843,75.86206896551724,1.736842105263158,2.8947368421052633,4.631578947368421,0.6842105263157895,1.0,0.6842105263157895,0.5789473684210527,0.9473684210526315,0.55,0.5853139411138701,103.05631868131869,110.06538461538462,-7.00906593406593,1.7894736842105263,-59,9.370054945054946,0.32345517434794807,0.2368421052631579,0.2848685295583801,0.29286860161342043,0.2899108057380844
334,Kevin Knox II,NYK,2021,32,56.25,13.34375,4.5625,0.34192037470725994,1.59375,4.0625,39.23076923076923,0.96875,2.5,38.75,0.40625,0.5,81.25,0.28125,1.375,1.65625,0.53125,0.5,1.0625,0.28125,0.1875,0.5115384615384615,0.5326911850554583,101.35127610208818,107.52041763341066,-6.169141531322481,1.09375,-53,5.904640371229699,0.11878330373001778,0.5789473684210527,0.2567580003837241,0.3177055210271068,0.2884800154536766
335,Moses Brown,OKC,2021,17,29.411764705882355,18.294117647058822,8.176470588235293,0.44694533762057875,3.1176470588235294,5.235294117647059,59.55056179775281,0.0,0.0,,1.9411764705882353,3.4705882352941178,55.932203389830505,2.764705882352941,5.176470588235294,7.9411764705882355,0.23529411764705882,0.7647058823529411,0.3076923076923077,0.5882352941176471,1.1764705882352942,0.5955056179775281,0.6045581071677104,105.14038461538462,114.00352564102563,-8.863141025641013,1.7647058823529411,-56,13.132371794871794,0.2946400585100825,0.18421052631578944,0.3927088563949528,0.23804281790483695,0.2879621024741864
336,John Konchar,MEM,2021,22,45.45454545454545,14.863636363636363,4.0,0.2691131498470948,1.4090909090909092,3.227272727272727,43.66197183098591,0.4090909090909091,1.1363636363636365,36.0,0.7727272727272727,0.9090909090909091,85.0,0.9545454545454546,2.3181818181818183,3.272727272727273,1.0909090909090908,0.36363636363636365,3.0,0.8636363636363636,0.22727272727272727,0.5,0.5513784461152882,109.5076219512195,109.11768292682925,0.38993902439025874,1.1818181818181819,4,8.740853658536587,0.17277571451638946,0.31578947368421056,0.16251179196838922,0.5116603039313891,0.28783907039039475
337,Aleksej Pokusevski,OKC,2021,27,40.74074074074074,22.555555555555557,6.2592592592592595,0.277504105090312,2.3333333333333335,7.592592592592593,30.73170731707317,0.9629629629629629,4.111111111111111,23.423423423423422,0.6296296296296297,0.7037037037037037,89.47368421052632,0.7037037037037037,4.037037037037037,4.7407407407407405,1.8148148148148149,1.6296296296296295,1.1136363636363635,0.4444444444444444,1.0,0.37073170731707317,0.3960442444694413,99.33639344262293,111.21721311475406,-11.880819672131125,1.0740740740740742,-158,5.5042622950819675,0.4460232879415829,0.4473684210526316,0.17337356726850334,0.14880878551517424,0.28763302614221503
338,Caleb Martin,CHA,2021,31,48.38709677419355,13.870967741935484,5.096774193548387,0.3674418604651163,1.8709677419354838,4.67741935483871,40.0,0.6451612903225806,2.032258064516129,31.746031746031743,0.7096774193548387,1.1935483870967742,59.45945945945946,0.6451612903225806,1.7741935483870968,2.4193548387096775,1.0,0.6774193548387096,1.4761904761904763,0.8387096774193549,0.22580645161290322,0.4689655172413793,0.4898313492063492,102.84490740740739,110.46689814814812,-7.621990740740728,1.0,-77,7.271527777777777,0.1375121755572108,0.5526315789473684,0.28979460177079247,0.27474415615105774,0.28658838701132106
339,Gary Clark,ORL,2021,35,22.857142857142858,18.2,3.4,0.18681318681318682,1.1428571428571428,3.742857142857143,30.53435114503817,0.8857142857142857,3.085714285714286,28.703703703703702,0.22857142857142856,0.2857142857142857,80.0,0.9428571428571428,2.257142857142857,3.2,0.8571428571428571,0.4857142857142857,1.7647058823529411,0.34285714285714286,0.2,0.42366412213740456,0.43943870014771047,103.7449843260188,110.93605015673978,-7.191065830720987,0.9714285714285714,-103,4.584952978056426,0.2912966252220249,0.6578947368421053,0.05597759177650935,0.28748678778379944,0.28522777791003023
340,Stanley Johnson,TOR,2021,41,41.46341463414634,14.097560975609756,2.975609756097561,0.21107266435986158,1.0,2.5853658536585367,38.67924528301887,0.6341463414634146,1.7073170731707317,37.142857142857146,0.34146341463414637,0.43902439024390244,77.77777777777779,0.43902439024390244,1.7073170731707317,2.1463414634146343,1.146341463414634,0.6829268292682927,1.6785714285714286,0.6829268292682927,0.2926829268292683,0.5094339622641509,0.5354634831460674,107.78625429553264,114.50687285223371,-6.720618556701069,1.7804878048780488,-104,4.860824742268042,0.1455616687605597,0.8157894736842106,0.08738057110036462,0.30139811241617837,0.28332999454168833
341,Brandon Goodwin,ATL,2021,29,48.275862068965516,10.551724137931034,3.896551724137931,0.369281045751634,1.3793103448275863,4.0,34.48275862068966,0.5517241379310345,1.9655172413793103,28.07017543859649,0.5862068965517241,0.8275862068965517,70.83333333333334,0.13793103448275862,0.8275862068965517,0.9655172413793104,1.5172413793103448,0.5517241379310345,2.75,0.3793103448275862,0.0,0.41379310344827586,0.4464285714285714,102.49090909090913,106.00941558441559,-3.5185064935064645,0.7931034482758621,-25,6.1126623376623375,0.01959943651620011,0.49999999999999994,0.292175357803734,0.3960859188513602,0.27952123183267685
342,Ryan Arcidiacono,CHI,2021,28,46.42857142857143,11.142857142857142,3.2857142857142856,0.2948717948717949,1.1428571428571428,2.9285714285714284,39.02439024390244,0.5714285714285714,1.75,32.6530612244898,0.42857142857142855,0.5714285714285714,75.0,0.10714285714285714,1.4642857142857142,1.5714285714285714,1.3214285714285714,0.25,5.285714285714286,0.25,0.0,0.4878048780487805,0.5166217430368374,101.62619808306708,102.67955271565495,-1.0533546325878689,1.1428571428571428,-3,7.623961661341854,0.04059883278355747,0.47368421052631576,0.1958553870876526,0.4689815007777203,0.27450417031746105
343,Rodney McGruder,DET,2021,16,18.75,12.125,5.6875,0.4690721649484536,2.3125,4.375,52.85714285714286,0.6875,1.5,45.83333333333333,0.375,0.5,75.0,0.5,0.875,1.375,1.0,0.4375,2.2857142857142856,0.5,0.0625,0.6071428571428571,0.6188792165397171,112.2479381443299,115.86082474226804,-3.612886597938143,0.75,-17,9.72061855670103,0.07548845470692717,0.15789473684210525,0.4213512003919698,0.39329505929260905,0.2738067937512499
344,Jarrett Culver,MIN,2021,24,16.666666666666664,17.666666666666668,6.375,0.3608490566037736,2.5,6.125,40.816326530612244,0.375,1.75,21.428571428571427,1.0,1.6666666666666667,60.0,1.3333333333333333,2.625,3.9583333333333335,0.7083333333333334,1.0,0.7083333333333334,0.5833333333333334,0.3333333333333333,0.4387755102040816,0.4647630619684083,100.43882352941176,110.41717647058822,-9.978352941176453,2.0,-108,6.2225882352941175,0.27235050325636473,0.3684210526315789,0.28126046566066193,0.20506553044317372,0.2719544326727996
345,Jordan McLaughlin,MIN,2021,27,11.11111111111111,19.555555555555557,5.037037037037037,0.25757575757575757,2.037037037037037,5.592592592592593,36.423841059602644,0.6296296296296297,1.8518518518518519,34.0,0.3333333333333333,0.4444444444444444,75.0,0.5185185185185185,1.8148148148148149,2.3333333333333335,4.62962962962963,1.1111111111111112,4.166666666666667,1.0740740740740742,0.14814814814814814,0.4205298013245033,0.43511645764013307,97.76011342155009,107.09905482041587,-9.338941398865785,1.0740740740740742,-107,10.351606805293006,0.33945135188474457,0.4473684210526316,0.147577072527258,0.2239731998675633,0.27171124156483006
346,Nicolo Melli,DAL,2021,23,52.17391304347826,11.043478260869565,2.130434782608696,0.19291338582677164,0.782608695652174,2.739130434782609,28.57142857142857,0.30434782608695654,1.6521739130434783,18.421052631578945,0.2608695652173913,0.30434782608695654,85.71428571428571,0.6086956521739131,2.0,2.608695652173913,1.0869565217391304,0.30434782608695654,3.5714285714285716,0.43478260869565216,0.043478260869565216,0.3412698412698413,0.3707627118644068,104.134765625,98.40703125000002,5.727734374999983,1.2173913043478262,35,7.592187499999997,0.037068499498030705,0.34210526315789475,0.06387406947791247,0.6695011673910232,0.27088754170985824
347,Troy Brown Jr.,CHI,2021,23,21.73913043478261,13.695652173913043,4.478260869565218,0.326984126984127,1.6521739130434783,4.217391304347826,39.175257731958766,0.6521739130434783,2.0869565217391304,31.25,0.5217391304347826,0.782608695652174,66.66666666666666,0.4782608695652174,2.260869565217391,2.739130434782609,0.9565217391304348,0.7391304347826086,1.2941176470588236,0.2608695652173913,0.17391304347826086,0.4690721649484536,0.49085017155928323,105.20628930817611,108.63333333333334,-3.4270440251572296,1.4782608695652173,-34,6.06132075471698,0.13128426905552554,0.34210526315789475,0.23742359066599233,0.39879050267860333,0.270067745955753
348,Drew Eubanks,SAS,2021,27,40.74074074074074,13.037037037037036,4.62962962962963,0.35511363636363635,1.7777777777777777,3.5185185185185186,50.526315789473685,0.037037037037037035,0.037037037037037035,100.0,1.037037037037037,1.4814814814814814,70.0,0.7037037037037037,2.6666666666666665,3.3703703703703702,0.8888888888888888,0.8148148148148148,1.0909090909090908,0.2222222222222222,1.037037037037037,0.5105263157894737,0.5550621669626998,101.89460227272728,108.39715909090908,-6.502556818181802,1.2592592592592593,-69,9.199147727272727,0.1078876389711203,0.4473684210526316,0.27383618033266494,0.3078462901439848,0.26574613660331353
349,Isaiah Joe,PHI,2021,23,52.17391304347826,11.130434782608695,3.9565217391304346,0.35546875,1.3478260869565217,3.739130434782609,36.04651162790697,1.0434782608695652,2.869565217391304,36.36363636363637,0.21739130434782608,0.21739130434782608,100.0,0.2608695652173913,0.8695652173913043,1.1304347826086956,0.6521739130434783,0.21739130434782608,3.0,0.30434782608695654,0.17391304347826086,0.5,0.5158730158730158,106.35077519379846,108.65736434108528,-2.3065891472868287,0.9565217391304348,-15,5.453488372093023,0.040157541122866625,0.34210526315789475,0.2742958615504031,0.43192282675139143,0.2641887522775833
350,Mason Jones,HOU,2021,26,26.923076923076923,11.846153846153847,5.846153846153846,0.4935064935064935,1.8076923076923077,4.384615384615385,41.228070175438596,0.8846153846153846,2.4615384615384617,35.9375,1.3461538461538463,2.1923076923076925,61.40350877192983,0.15384615384615385,1.8076923076923077,1.9615384615384615,1.5,1.0769230769230769,1.3928571428571428,0.23076923076923078,0.038461538461538464,0.5131578947368421,0.5464480874316939,97.80935483870967,108.71612903225808,-10.906774193548415,0.8461538461538461,-86,8.020645161290323,0.06558272988113134,0.4210526315789473,0.4529805177597541,0.17761172180063628,0.26324238403841654
351,Javonte Green,CHI,2021,27,44.44444444444444,13.592592592592593,3.962962962962963,0.29155313351498635,1.4814814814814814,2.814814814814815,52.63157894736842,0.25925925925925924,0.8518518518518519,30.434782608695656,0.7407407407407407,1.1111111111111112,66.66666666666666,0.8148148148148148,1.3333333333333333,2.1481481481481484,0.4444444444444444,0.5925925925925926,0.75,0.7407407407407407,0.14814814814814814,0.5723684210526315,0.5997757847533632,105.73885869565217,110.58695652173917,-4.848097826086999,1.2962962962962963,-45,6.817119565217392,0.12762318268534967,0.4473684210526316,0.19155950504442942,0.35676934146347195,0.26195577093247235
352,Zeke Nnaji,DEN,2021,31,70.96774193548387,10.483870967741936,3.774193548387097,0.36,1.3870967741935485,2.6451612903225805,52.4390243902439,0.6129032258064516,1.4838709677419355,41.30434782608695,0.3870967741935484,0.4838709677419355,80.0,0.41935483870967744,1.2580645161290323,1.6774193548387097,0.16129032258064516,0.22580645161290322,0.7142857142857143,0.12903225806451613,0.0967741935483871,0.6402439024390244,0.6602708803611739,106.68433734939761,113.0692771084337,-6.384939759036087,0.7419354838709677,-48,7.590361445783132,0.017189021944651328,0.5526315789473684,0.2801613938887416,0.31132427627004,0.26059866649510466
353,Sekou Doumbouya,DET,2021,40,25.0,12.525,3.625,0.2894211576846307,1.325,3.9,33.97435897435898,0.425,1.75,24.285714285714285,0.55,0.75,73.33333333333333,0.45,1.625,2.075,0.575,0.65,0.8846153846153846,0.375,0.05,0.3942307692307692,0.42848699763593384,102.9390438247012,113.4581673306773,-10.519123505976097,1.375,-118,3.9197211155378495,0.08969804618117228,0.7894736842105263,0.18879974268801408,0.1890747163944898,0.2604041718597934
354,Yuta Watanabe,TOR,2021,28,53.57142857142857,11.285714285714286,2.4285714285714284,0.21518987341772153,0.8214285714285714,2.4642857142857144,33.33333333333333,0.4642857142857143,1.25,37.142857142857146,0.32142857142857145,0.35714285714285715,90.0,0.8214285714285714,2.25,3.0714285714285716,0.4642857142857143,0.2857142857142857,1.625,0.39285714285714285,0.5,0.427536231884058,0.4632152588555858,106.75799373040752,106.33197492163009,0.42601880877742815,0.9285714285714286,0,6.885893416927899,0.045673686881502196,0.47368421052631576,0.09271014304465769,0.512727198397558,0.2593837976202769
355,Mo Bamba,ORL,2021,24,25.0,10.916666666666666,5.125,0.46946564885496184,2.125,4.541666666666667,46.788990825688074,0.4583333333333333,1.7083333333333333,26.82926829268293,0.4166666666666667,0.75,55.55555555555556,1.125,2.9166666666666665,4.041666666666667,0.4166666666666667,0.4166666666666667,1.0,0.125,0.9583333333333334,0.518348623853211,0.5260006842285323,99.2897727272727,107.47727272727273,-8.187500000000028,1.4583333333333333,-38,12.014015151515153,0.03256364712847837,0.3684210526315789,0.42186055047820203,0.25802180845638445,0.2590869453717636
356,Rajon Rondo,ATL,2021,27,59.25925925925925,14.925925925925926,3.925925925925926,0.2630272952853598,1.6296296296296295,4.074074074074074,40.0,0.6296296296296297,1.6666666666666667,37.77777777777778,0.037037037037037035,0.07407407407407407,50.0,0.14814814814814814,1.8888888888888888,2.037037037037037,3.5185185185185186,1.4444444444444444,2.4358974358974357,0.7037037037037037,0.07407407407407407,0.4772727272727273,0.477994227994228,101.57468982630273,107.48114143920594,-5.906451612903211,0.9259259259259259,-49,9.284615384615382,0.17498848759949998,0.4473684210526316,0.15463388261925115,0.3254733728876511,0.25615077130496616
357,Carsen Edwards,BOS,2021,18,50.0,10.0,5.222222222222222,0.5222222222222223,2.0555555555555554,4.277777777777778,48.05194805194805,0.7222222222222222,2.1666666666666665,33.33333333333333,0.3888888888888889,0.5,77.77777777777779,0.1111111111111111,0.9444444444444444,1.0555555555555556,0.5,0.16666666666666666,3.0,0.2777777777777778,0.05555555555555555,0.564935064935065,0.5805335968379447,111.24088397790055,117.96850828729282,-6.727624309392269,1.1111111111111112,-24,6.587845303867405,0.0,0.21052631578947367,0.49015194626205794,0.30119094934953194,0.25499394805048897
358,Lamar Stevens,CLE,2021,32,31.25,13.71875,4.53125,0.33029612756264237,1.71875,3.875,44.354838709677416,0.125,0.71875,17.391304347826086,0.96875,1.375,70.45454545454545,0.625,2.0625,2.6875,0.75,0.5625,1.3333333333333333,0.5,0.375,0.4596774193548387,0.5057198660714285,99.51047835990889,109.97539863325744,-10.464920273348554,1.375,-96,7.181548974943054,0.13210479573712258,0.5789473684210527,0.24171085058276542,0.19067752888134498,0.25264358288715016
359,Al-Farouq Aminu,CHI,2021,18,27.77777777777778,21.055555555555557,5.277777777777778,0.25065963060686014,2.0,5.0,40.0,0.3888888888888889,1.7777777777777777,21.875,0.8888888888888888,1.0555555555555556,84.21052631578947,1.1111111111111112,4.222222222222222,5.333333333333333,1.6111111111111112,1.5,1.0740740740740742,0.9444444444444444,0.5,0.4388888888888889,0.4829198861325742,102.21240105540896,110.97783641160949,-8.765435356200527,1.3333333333333333,-67,7.462269129287599,0.3927373199131637,0.21052631578947367,0.13862440684072042,0.24093201582577756,0.24969193378993565
360,Chris Chiozza,BKN,2021,16,50.0,10.375,3.9375,0.3795180722891566,1.3125,3.9375,33.33333333333333,0.6875,2.0,34.375,0.625,0.8125,76.92307692307693,0.1875,0.8125,1.0,2.9375,0.6875,4.2727272727272725,0.375,0.25,0.42063492063492064,0.4583818393480792,105.71856287425149,107.08263473053896,-1.3640718562874667,0.6875,-7,9.181437125748502,0.013321492007104807,0.15789473684210525,0.30542680281433127,0.4597934612109874,0.24274675367463855
361,Nico Mannion,GSW,2021,17,41.17647058823529,14.235294117647058,5.294117647058823,0.371900826446281,1.6470588235294117,4.823529411764706,34.146341463414636,1.0588235294117647,2.6470588235294117,40.0,0.9411764705882353,1.1764705882352942,80.0,0.11764705882352941,1.6470588235294117,1.7647058823529411,2.764705882352941,1.0588235294117647,2.611111111111111,0.7058823529411765,0.0,0.45121951219512196,0.4955947136563877,105.50409836065575,111.98729508196719,-6.483196721311444,1.3529411764705883,-37,7.667213114754098,0.1504544979625953,0.18421052631578944,0.2955665651711948,0.3084187763870796,0.24038049217541396
362,Reggie Perry,BKN,2021,15,66.66666666666666,11.666666666666666,4.133333333333334,0.35428571428571426,1.6666666666666667,4.0,41.66666666666667,0.26666666666666666,1.0666666666666667,25.0,0.5333333333333333,0.7333333333333333,72.72727272727273,1.2666666666666666,2.6666666666666665,3.933333333333333,0.8666666666666667,0.8,1.0833333333333333,0.26666666666666666,0.3333333333333333,0.45,0.47809993830968534,109.19090909090909,113.53238636363635,-4.341477272727261,1.9333333333333333,-22,7.321590909090909,0.05920663114268793,0.13157894736842107,0.27276446640788116,0.3717503252472666,0.21757965566118706
363,Chasson Randle,ORL,2021,17,29.411764705882355,21.352941176470587,5.882352941176471,0.27548209366391185,2.0,4.705882352941177,42.5,1.1176470588235294,2.9411764705882355,38.0,0.7647058823529411,0.9411764705882353,81.25,0.11764705882352941,1.8235294117647058,1.9411764705882353,2.5294117647058822,1.1176470588235294,2.263157894736842,0.29411764705882354,0.11764705882352941,0.54375,0.5744485294117647,97.77272727272728,111.3878787878788,-13.615151515151524,1.8823529411764706,-105,5.200550964187328,0.403301640371957,0.18421052631578944,0.17075614968835656,0.09752386025167403,0.21731829617894177
364,Frank Ntilikina,NYK,2021,17,58.82352941176471,14.705882352941176,4.0588235294117645,0.276,1.3529411764705883,3.764705882352941,35.9375,1.0,2.176470588235294,45.94594594594595,0.35294117647058826,0.7058823529411765,50.0,0.23529411764705882,1.1176470588235294,1.3529411764705883,0.7647058823529411,0.5882352941176471,1.3,0.8235294117647058,0.058823529411764705,0.4921875,0.4979792147806005,99.2617529880478,104.91992031872509,-5.658167330677287,1.9411764705882353,-29,1.7864541832669323,0.16717166440288372,0.18421052631578944,0.17142655992009298,0.3328152440003229,0.21727148552542364
365,Josh Green,DAL,2021,23,43.47826086956522,11.043478260869565,2.4782608695652173,0.22440944881889763,1.0434782608695652,2.260869565217391,46.15384615384615,0.08695652173913043,0.6521739130434783,13.333333333333334,0.30434782608695654,0.5652173913043478,53.84615384615385,0.6086956521739131,1.2608695652173914,1.8695652173913044,0.5217391304347826,0.6086956521739131,0.8571428571428571,0.21739130434782608,0.08695652173913043,0.4807692307692308,0.49376299376299376,104.21176470588236,106.641568627451,-2.4298039215686345,0.7391304347826086,-14,4.165098039215686,0.037068499498030705,0.34210526315789475,0.104644535907852,0.4282793138240173,0.21509523895670812
366,Isaac Bonga,WAS,2021,29,27.586206896551722,11.827586206896552,2.0689655172413794,0.1749271137026239,0.7931034482758621,2.0344827586206895,38.983050847457626,0.3793103448275862,1.206896551724138,31.428571428571427,0.10344827586206896,0.20689655172413793,50.0,0.5862068965517241,1.3793103448275863,1.9655172413793103,0.5862068965517241,0.5172413793103449,1.1333333333333333,0.2413793103448276,0.2413793103448276,0.4830508474576271,0.48669695003244645,97.64811594202898,102.32057971014494,-4.672463768115961,1.7241379310344827,-38,1.0217391304347827,0.06492313345991302,0.49999999999999994,0.040591518131077475,0.3619629147539694,0.21261458929934718
367,Jalen McDaniels,CHA,2021,21,42.857142857142854,11.142857142857142,4.238095238095238,0.3803418803418803,1.5714285714285714,3.5714285714285716,44.0,0.38095238095238093,1.3333333333333333,28.57142857142857,0.7142857142857143,1.0,71.42857142857143,0.38095238095238093,1.8571428571428572,2.238095238095238,0.47619047619047616,0.8095238095238095,0.5882352941176471,0.09523809523809523,0.23809523809523808,0.49333333333333335,0.5282526115859449,105.49872340425532,115.35744680851062,-9.8587234042553,1.5238095238095237,-56,4.070638297872339,0.04059883278355747,0.28947368421052627,0.30649319128855684,0.20860302638721623,0.20243161360591716
368,Trey Lyles,SAS,2021,23,43.47826086956522,15.521739130434783,5.0,0.32212885154061627,1.8695652173913044,3.9130434782608696,47.77777777777778,0.6086956521739131,1.7391304347826086,35.0,0.6521739130434783,1.0,65.21739130434783,0.391304347826087,3.347826086956522,3.739130434782609,0.6086956521739131,0.2608695652173913,2.3333333333333335,0.2608695652173913,0.043478260869565216,0.5555555555555556,0.5743108270075908,98.90530726256982,112.77597765363129,-13.870670391061466,0.5652173913043478,-108,10.098882681564248,0.1961541431770793,0.34210526315789475,0.23113861960382337,0.08996805914752465,0.20041829719113158
369,Wes Iwundu,NOP,2021,24,50.0,12.25,2.0416666666666665,0.16666666666666666,0.7083333333333334,2.2083333333333335,32.075471698113205,0.125,0.9583333333333334,13.043478260869565,0.5,0.5833333333333334,85.71428571428571,0.25,1.625,1.875,0.4166666666666667,0.25,1.6666666666666667,0.375,0.125,0.3490566037735849,0.41413116970926306,105.10135135135137,109.24898648648647,-4.147635135135104,1.0833333333333333,-45,3.8314189189189185,0.07992895204262879,0.3684210526315789,0.029898680786296206,0.3774823191441312,0.19642407698337783
370,Glenn Robinson III,SAC,2021,23,39.130434782608695,16.17391304347826,5.260869565217392,0.32526881720430106,1.826086956521739,4.304347826086956,42.42424242424242,0.6956521739130435,1.9130434782608696,36.36363636363637,0.9130434782608695,1.0,91.30434782608695,0.4782608695652174,1.4782608695652173,1.9565217391304348,0.8695652173913043,0.4782608695652174,1.8181818181818181,0.17391304347826086,0.13043478260869565,0.5050505050505051,0.5544354838709677,105.13306451612902,122.04623655913977,-16.913172043010746,1.0,-131,5.941397849462366,0.2193219553633486,0.34210526315789475,0.2352031868074903,0.0,0.18295686632526947
371,Jerome Robinson,WAS,2021,15,33.33333333333333,17.266666666666666,4.733333333333333,0.27413127413127414,1.5333333333333334,5.2,29.48717948717949,0.6,2.2,27.27272727272727,1.0666666666666667,1.3333333333333333,80.0,0.2,2.066666666666667,2.2666666666666666,1.4,1.0666666666666667,1.3125,0.7333333333333333,0.3333333333333333,0.3525641025641026,0.4089861751152074,101.04576923076925,113.16384615384615,-12.118076923076899,1.9333333333333333,-80,2.5830769230769226,0.25814091178211956,0.13157894736842107,0.16900756471689266,0.14179298837580612,0.18006590070594725
372,Justin Patton,HOU,2021,13,7.6923076923076925,18.923076923076923,5.384615384615385,0.2845528455284553,2.230769230769231,5.384615384615385,41.42857142857143,0.6923076923076923,2.6153846153846154,26.47058823529412,0.23076923076923078,0.3076923076923077,75.0,1.0769230769230769,2.6923076923076925,3.769230769230769,1.0769230769230769,0.3076923076923077,3.5,0.9230769230769231,1.0769230769230769,0.4785714285714286,0.487736900780379,100.96572580645162,114.86330645161293,-13.897580645161312,2.6153846153846154,-81,6.739112903225806,0.316983194425468,0.0789473684210526,0.18249789609266537,0.08917231156560346,0.1768681793694471
373,Torrey Craig,PHX,2021,23,56.52173913043478,12.173913043478262,3.4782608695652173,0.2857142857142857,1.391304347826087,3.130434782608696,44.44444444444444,0.5652173913043478,1.434782608695652,39.39393939393939,0.13043478260869565,0.2608695652173913,50.0,0.9130434782608695,1.7391304347826086,2.652173913043478,1.0,0.30434782608695654,3.2857142857142856,0.5217391304347826,0.391304347826087,0.5347222222222222,0.5359056806002144,104.34628975265021,116.07773851590109,-11.731448763250881,1.5217391304347827,-81,7.2600706713780925,0.07722604062089738,0.34210526315789475,0.1840013366375557,0.15322574639223652,0.17180348783716123
374,D.J. Wilson,HOU,2021,19,57.89473684210527,10.368421052631579,4.473684210526316,0.43147208121827413,1.631578947368421,3.9473684210526314,41.333333333333336,0.8947368421052632,2.263157894736842,39.53488372093023,0.3157894736842105,0.42105263157894735,75.0,0.47368421052631576,2.1578947368421053,2.6315789473684212,0.42105263157894735,0.5789473684210527,0.7272727272727273,0.10526315789473684,0.47368421052631576,0.5266666666666666,0.5412633723892002,98.68737373737375,113.0010101010101,-14.313636363636348,1.4736842105263157,-63,9.112626262626263,0.013087781621015204,0.2368421052631579,0.3726793091823466,0.07686936820830209,0.16784609512666748
375,KZ Okpala,MIA,2021,25,60.0,12.72,2.68,0.21069182389937108,1.08,2.64,40.909090909090914,0.44,1.48,29.72972972972973,0.08,0.24,33.33333333333333,0.6,1.4,2.0,0.44,0.48,0.9166666666666666,0.24,0.32,0.49242424242424243,0.48805361305361306,99.68432601880878,110.51410658307209,-10.829780564263316,1.76,-73,2.8210031347962388,0.09662522202486679,0.3947368421052631,0.0868875874784601,0.1798884559444177,0.16627826449699065
376,Ed Davis,MIN,2021,19,21.052631578947366,13.894736842105264,2.263157894736842,0.16287878787878787,0.9473684210526315,2.263157894736842,41.86046511627907,0.0,0.0,,0.3684210526315789,0.42105263157894735,87.5,2.0,3.1052631578947367,5.105263157894737,1.0,0.3157894736842105,3.1666666666666665,0.5263157894736842,0.5263157894736842,0.4186046511627907,0.4621668099742046,100.7426966292135,111.0262172284644,-10.283520599250906,2.5789473684210527,-64,7.855805243445692,0.13835654856501828,0.2368421052631579,0.02499541446375611,0.19604159387638048,0.13911015404035584
377,Harry Giles III,POR,2021,23,56.52173913043478,11.782608695652174,2.9565217391304346,0.25092250922509224,1.1304347826086956,2.782608695652174,40.625,0.13043478260869565,0.391304347826087,33.33333333333333,0.5652173913043478,0.782608695652174,72.22222222222221,1.173913043478261,3.6956521739130435,4.869565217391305,0.9130434782608695,0.7391304347826086,1.2352941176470589,0.21739130434782608,0.43478260869565216,0.4296875,0.47274749721913234,101.08424908424911,115.04139194139195,-13.957142857142841,1.9565217391304348,-84,9.227838827838829,0.06332535330913586,0.34210526315789475,0.13896469330390349,0.0874110317953597,0.1370808352447237
378,Sean McDermott,MEM,2021,10,40.0,13.8,3.7,0.26811594202898553,1.2,2.8,42.857142857142854,0.5,1.8,27.77777777777778,0.8,0.8,100.0,0.5,1.0,1.5,0.4,0.4,1.0,0.2,0.2,0.5178571428571429,0.5869289340101523,94.65724637681159,105.818115942029,-11.16086956521741,0.6,-34,6.582608695652174,0.13499111900532862,0.0,0.1612209440334565,0.1700980143182485,0.1297896381977077
379,Jordan Bone,ORL,2021,14,14.285714285714285,14.071428571428571,4.0,0.28426395939086296,1.6428571428571428,3.857142857142857,42.592592592592595,0.7142857142857143,2.2857142857142856,31.25,0.0,0.0,,0.2857142857142857,1.4285714285714286,1.7142857142857142,1.2857142857142858,0.21428571428571427,6.0,0.14285714285714285,0.0,0.5185185185185185,0.5185185185185185,97.49898477157359,112.42131979695431,-14.922335025380718,0.7857142857142857,-59,6.896446700507614,0.1446333417914235,0.10526315789473684,0.18212394387591602,0.05886989163685946,0.12470131873563363
380,Maurice Harkless,SAC,2021,13,53.84615384615385,11.461538461538462,2.1538461538461537,0.18791946308724833,0.7692307692307693,1.6923076923076923,45.45454545454545,0.6153846153846154,1.2307692307692308,50.0,0.0,0.15384615384615385,0.0,0.23076923076923078,0.9230769230769231,1.1538461538461537,0.6923076923076923,0.38461538461538464,1.8,0.15384615384615385,0.3076923076923077,0.6363636363636364,0.6118881118881119,101.79400000000001,110.22133333333332,-8.427333333333308,1.2307692307692308,-25,1.457333333333334,0.051919661155895636,0.0789473684210526,0.05740962471678951,0.25092983547255643,0.1132984378972326
